000543
001460
000379
000567
000332
000038
001632
000143
001370
001779
000110
000827
000890
000556
001419
000809
001013
000897
001502
000493
000695
001792
001447
000235
001666
000148
000040
000208
000231
001091
001440
001643
000238
000373
000035
001236
001670
001586
001127
000847
000268
001155
000620
000867
000278
001211
000743
000944
001086
001519
000541
000648
000270
001322
000515
001016
001019
000639
001006
001653
000718
000248
001720
000555
001548
000144
000877
000961
001809
001591
001218
000090
000102
001515
001330
001395
000678
001224
000949
000375
000756
001347
000307
001002
000833
001143
000296
000658
001290
000629
001359
001784
001638
000327
001612
001084
001244
000338
000861
000222
001411
000799
001640
000936
001157
001682
001424
000902
001040
000068
000996
001693
000775
001325
000608
000994
001808
000693
000649
001231
000903
001309
000218
001194
001009
001268
000807
000979
001513
001767
000566
000158
000448
001163
000955
000080
001566
001239
001545
000050
001483
000766
001314
001592
001687
001610
000963
000388
000451
001363
001437
001104
000634
000542
000396
001709
000503
001156
000635
000189
001207
000881
000354
000934
000420
000965
000345
000715
001334
000370
000412
000906
000463
000197
001701
000196
000540
000595
000028
000169
000018
000532
001788
000165
001777
000206
000436
001037
000488
001737
001018
001177
001080
000636
001100
000430
000109
000624
000180
001189
000971
000806
001493
001698
000900
001106
000393
001534
000628
001186
000661
000170
000312
000520
001315
000785
001575
000952
000329
001474
001061
000023
001451
000602
001119
001648
000134
001131
000060
000358
001531
000704
000780
001316
000699
000568
000909
000049
000586
001616
000337
000765
000757
000054
000992
001196
001265
001762
000801
000127
000433
001793
001539
000990
000017
000641
000981
000027
000708
001484
000517
000940
000593
000074
001068
000688
000153
001375
000601
001438
001017
001689
000930
001144
000789
001279
000262
001503
001203
000690
000226
000554
000686
000973
001223
000627
000047
000295
000390
000951
000891
001780
000305
000989
001417
000796
000723
001409
001714
001551
000159
001594
001680
001655
001549
001414
001631
000870
000121
001041
001754
000096
000778
001711
001500
000508
001112
001415
000490
001348
000528
001665
000223
000706
001455
001747
000161
000105
000523
000331
000398
001760
001568
000894
000487
001271
001198
000575
000224
001219
000019
001240
000677
000083
000878
001253
000794
000581
000711
000822
000828
001205
001541
000212
000132
000886
000709
000336
000277
000694
000535
001072
001270
001596
001090
000301
001125
001705
001445
000142
001050
000140
000545
001605
001209
000101
000384
000813
001674
001175
001044
001249
001801
000203
000098
001660
001715
001413
001609
001473
000067
001331
000986
001000
000291
001570
000911
001346
000188
000445
001158
000557
001795
000371
001291
000244
000343
001727
000269
001557
000868
001327
001070
000843
001081
000440
001199
000071
000458
001321
000377
001169
000422
001195
001439
000560
000048
000991
000181
001122
000633
001123
000286
000845
000582
000866
000099
001129
000917
001552
000300
000739
001730
000836
001004
001623
001252
000416
000495
001540
000359
000736
001303
001673
001116
001725
001022
001462
001208
001798
001284
000339
000162
001498
001085
000819
000929
000995
001516
000803
001535
000385
000576
000855
001597
000353
000085
000933
000118
000919
000724
000606
001170
000500
001318
000835
001501
001812
001477
001654
001260
000199
001305
000456
000249
001428
001547
000572
001027
001510
000784
000228
000530
001387
000034
000474
001603
000683
000812
000120
001593
000646
000405
000668
000764
001425
000475
000435
001525
001227
000012
001393
000431
001073
000281
001475
001137
000443
000391
001133
000583
000178
000234
001559
000364
001297
000524
001344
000251
000257
000179
000717
000888
001256
001287
000356
000617
001235
000752
000698
000129
000404
001449
000409
001024
001076
000738
001371
000814
001744
000486
000553
001201
000452
001350
000010
001264
001295
000589
000182
000914
000808
001358
000671
001304
000887
000880
000663
001787
000950
000599
001111
001448
000972
001588
001226
000225
001584
000160
001319
001378
000187
001407
000146
001486
000640
001354
001168
001032
000853
000759
001136
000966
001374
001388
000437
000423
001114
001324
001506
000489
000465
001564
000202
000480
001301
001097
000195
000317
001585
001283
000547
000834
000924
001600
001171
001329
000041
001471
000350
000015
001121
001101
001544
000093
001476
000304
001543
000969
000290
001399
000001
000246
000346
000571
001281
000471
000355
001289
001355
001556
001527
000229
001233
000092
001426
001398
000882
001651
000719
000401
000255
001254
000476
000418
000913
001456
001188
001251
001691
001376
000788
000823
000816
000352
000147
000876
000630
000077
001179
000927
000735
000904
000457
000002
000256
001190
000931
000122
000857
001810
001452
001467
000381
001092
001228
000546
000481
001692
001707
001522
001021
000907
000722
000319
000959
000509
000492
000918
000728
000185
001187
001694
001014
001341
000497
000108
000988
001147
000254
001051
001294
000468
000750
000460
000313
000184
001366
000609
000539
001702
001391
000365
001397
001723
000725
001389
001773
001786
001093
000618
000858
000875
001495
001307
000505
000829
001646
000821
000962
001478
000410
001152
000240
000597
000653
000533
000525
001563
001433
000928
000062
001269
001743
001052
001340
000632
000273
000864
001443
001529
001150
000025
001625
000741
000758
000674
001247
000076
001624
001770
001746
001336
001065
000363
000446
000787
001335
000865
001562
001067
001578
000453
000941
001410
000274
001758
001423
000484
001373
000701
000214
001769
000761
000580
001210
000069
001667
001165
001060
001182
001282
000650
000483
001139
000645
000081
000654
001046
000818
001023
000190
000895
000335
001087
001561
000531
001272
000643
000413
001115
000366
001450
001602
000173
001048
000526
001579
001652
001435
000046
001615
000245
000925
000915
000534
001464
000210
000585
000149
000473
000666
000824
001704
001496
000036
000217
000749
001200
001761
000958
000324
001311
000707
000622
000732
001485
000171
000219
000840
001491
001533
001059
000039
000975
001811
000768
000441
000482
001802
001752
000310
000344
000267
000367
001520
001416
001320
001369
000314
001458
000399
001102
001742
000742
001077
000613
000802
001480
000982
001053
001214
001521
000084
001063
001782
000241
001345
001618
000811
001595
000168
000737
000485
000322
001038
000873
001724
000754
000174
000862
000425
001466
001635
000651
000031
001074
000637
000145
001490
001794
000361
000685
001757
001255
000066
000793
001045
001583
000594
001383
000574
000397
001642
000221
000682
000504
000176
001096
000733
001718
001554
001148
001202
000116
001504
000644
001457
001482
000655
001479
001560
000075
000252
000303
001508
000779
000889
000773
001487
001626
001110
001362
001135
000007
001083
000662
000386
001173
001031
001237
000292
000598
001011
001306
001245
000470
001524
001400
000330
001749
000392
001656
001298
001804
001259
000577
001459
000782
001028
000306
001662
001641
001036
000898
001141
000316
001161
000772
000496
001755
000204
001392
001601
000243
001796
001057
001553
000513
000141
001606
000008
001339
000923
001385
000660
001734
000912
000774
000985
000003
000745
001404
001308
001098
001481
001312
000459
001567
000565
001266
000220
000172
000479
001276
000999
001277
000113
000021
000869
000242
000584
001250
001372
001436
000266
000403
000421
000198
000279
001181
000447
001154
001690
000328
001261
001118
001783
000434
001764
000155
000507
001356
001054
000156
001706
001263
001753
000849
001658
001405
000614
000899
001368
000200
000538
001619
001049
001353
001679
001351
001463
000394
001668
001756
001078
000516
000469
000107
000362
001238
000892
001492
001800
000272
000932
001262
000016
001590
000854
001055
000825
001056
001010
001499
001517
000689
000417
001505
000665
001174
001401
000215
001523
001094
001536
001360
000207
000850
001675
001232
001736
000427
001142
000946
000072
000275
001288
000042
000760
000852
000230
000792
001421
000368
000702
000138
000697
001627
001248
001108
001382
000578
000389
001650
001587
001184
001342
000326
001380
000720
000472
001427
001512
000114
001530
000901
001418
001633
000395
001273
001275
000579
001246
001130
001454
001047
001431
000905
001267
000298
000942
001191
001576
000318
000232
000466
001379
001103
000559
001617
000125
001695
000714
001128
001124
001296
000104
000664
001639
000631
001628
000380
001026
000056
000055
000747
000119
000216
000285
000239
001614
001241
001622
001785
000910
000842
000320
001598
001577
000026
001197
000675
000684
001192
001686
000713
001751
000491
001043
000374
000510
001507
001572
001089
001685
001738
000588
001069
001257
000043
000726
001412
000097
000800
000659
000916
000415
000154
000552
000078
000977
001213
000287
001337
000442
001766
001550
000064
000937
001367
001555
001020
001109
001176
000037
000783
000297
001206
001664
001151
001183
001384
000280
000874
000157
001313
000123
000844
000400
000311
001300
000536
001581
001033
000603
001580
001759
000419
000454
001105
001607
000020
000323
000590
001039
000247
000236
000544
000638
000569
000727
000769
000061
000464
001332
000059
000762
000166
001461
000997
001733
000625
000623
001402
000512
000095
000815
001772
000687
001071
000846
000993
001164
001042
001220
001453
000549
000781
001333
000347
000276
001528
000152
000045
000135
000186
001221
000478
001420
000289
000872
000514
001446
001361
001274
001803
000716
000974
000137
000804
000511
001160
001082
001807
000795
000032
000863
000283
000908
000731
000124
000744
001509
001217
001465
001349
000740
001062
000387
000263
001645
000499
000612
000177
001099
001778
000619
000879
000611
000679
000201
000751
001280
000604
000428
001310
000672
000284
001408
000563
001518
001672
001430
000011
001394
000315
000957
000086
000070
001538
001216
001750
001442
001663
001178
000259
000058
000883
001488
000968
000519
000771
001003
000341
001381
000607
000776
000193
000851
001676
000838
001558
000948
000258
000592
000841
001132
000351
001636
000065
000369
000022
000167
000830
000656
001117
000856
000600
001225
000150
001422
000033
001030
000213
000333
000106
000970
001611
001258
001079
000376
000921
000029
000943
001034
001565
001719
001696
001075
001726
001145
000191
000691
000729
000922
001799
000734
000094
000748
000408
001735
001791
000770
000831
000926
000551
000953
001120
001537
001494
000265
001569
001599
000006
000786
000642
000383
000730
001681
000983
000826
001748
001532
000325
000261
001012
001722
000250
001035
000424
001444
000299
000987
000885
000712
001328
000960
001659
001511
000805
001243
000797
001571
001406
001292
001364
000087
000647
001713
001064
000884
000947
000537
001432
000009
001153
000893
001630
000700
001323
000548
000438
001573
001765
001716
000082
001774
000964
000920
001732
001058
001657
000790
001472
000151
001775
001185
001066
000967
000309
000163
000610
000057
001781
001365
000529
000703
000052
000360
000308
001167
001697
001229
000798
001620
001429
001613
001582
000564
001604
000587
000820
000832
001193
001637
000005
000111
001805
000667
000462
001434
001731
000183
000209
001703
000411
000024
000502
000670
000407
001146
000079
001608
001745
001790
000561
000498
001230
001497
000414
001029
000382
001338
000115
000518
000342
000777
001629
000063
000378
000461
001806
001162
000945
001352
000467
000746
001669
000136
000164
000976
001172
001721
000444
001542
001776
000426
000357
001138
001789
000089
000293
000839
001546
000837
000131
000103
001326
001678
000681
001677
000192
000450
000652
000980
001574
000692
000406
000260
001396
000506
001008
001683
001403
000810
000271
000014
001149
000896
000676
000288
000321
001740
000501
001107
001671
001357
001621
001470
000237
000978
000211
000088
000253
000128
000334
001180
001299
000615
000139
001647
000935
000657
000233
001242
001390
000030
000477
000696
000705
000954
001377
000112
000348
001088
000605
000402
000791
000044
000998
001797
001001
000721
001293
001234
001302
001469
000755
001285
001015
001728
001699
000763
000984
000527
001717
000710
001386
001526
000013
000126
001729
001166
000282
000372
000175
001215
000673
000439
000550
000302
001204
000860
001159
001514
001134
000573
000130
001708
000133
000455
001113
001710
001688
000621
001007
001126
000591
001222
000494
000227
000669
000596
001343
000562
001741
000859
000956
001644
000073
000000
001739
000521
000294
001005
001286
001700
001025
000429
000432
000051
001634
000004
001771
001317
001589
000939
000349
000100
001212
000680
001489
000616
000558
001768
001712
000871
000053
001468
001140
001763
000753
000091
000194
000626
000570
000848
000340
001441
000205
001684
000767
001278
000117
000817
001095
001661
000938
001649
000522
000264
000449
