do_not_wash 0.99 30.93 245.13 70.70 285.64
do_not_wash 0.98 369.88 227.47 401.00 273.70
do_not_bleach 0.93 75.62 249.91 111.67 285.09
do_not_bleach 0.93 401.00 236.65 401.00 275.03
do_not_bleach 0.89 401.00 236.09 401.00 270.70
do_not_bleach 0.86 401.00 233.36 401.00 271.80
do_not_bleach 0.51 401.00 244.43 401.00 276.61
do_not_bleach 0.49 401.00 226.15 401.00 274.36
do_not_bleach 0.46 401.00 226.08 401.00 267.62
do_not_bleach 0.37 401.00 243.73 401.00 278.62
do_not_bleach 0.37 401.00 233.21 401.00 268.53
do_not_bleach 0.21 401.00 234.91 401.00 280.68
do_not_bleach 0.18 384.17 225.04 401.00 280.45
do_not_bleach 0.16 401.00 224.85 401.00 268.85
do_not_bleach 0.14 401.00 226.42 401.00 272.89
do_not_bleach 0.07 401.00 229.31 401.00 276.32
do_not_bleach 0.06 401.00 245.52 401.00 286.92
do_not_bleach 0.06 400.34 233.03 401.00 269.05
do_not_bleach 0.06 39.09 239.83 89.21 284.51
do_not_bleach 0.06 396.24 232.83 401.00 274.41
