do_not_bleach 0.31 289.53 351.00 307.24 351.00
do_not_bleach 0.31 292.52 351.00 311.57 351.00
do_not_bleach 0.06 282.53 351.00 313.97 351.00
do_not_dry_clean 0.98 351.00 351.00 351.00 351.00
do_not_dry_clean 0.97 351.00 351.00 351.00 351.00
do_not_dry_clean 0.93 351.00 351.00 351.00 351.00
do_not_dry_clean 0.93 351.00 351.00 351.00 351.00
do_not_dry_clean 0.92 351.00 351.00 351.00 351.00
do_not_dry_clean 0.92 351.00 351.00 351.00 351.00
do_not_dry_clean 0.92 351.00 351.00 351.00 351.00
do_not_dry_clean 0.92 351.00 351.00 351.00 351.00
do_not_dry_clean 0.92 351.00 351.00 351.00 351.00
do_not_dry_clean 0.92 351.00 351.00 351.00 351.00
do_not_dry_clean 0.92 351.00 351.00 351.00 351.00
do_not_dry_clean 0.92 351.00 351.00 351.00 351.00
do_not_dry_clean 0.92 351.00 349.70 351.00 351.00
do_not_dry_clean 0.84 350.90 351.00 351.00 351.00
do_not_dry_clean 0.84 351.00 351.00 351.00 351.00
do_not_dry_clean 0.84 351.00 350.08 351.00 351.00
do_not_dry_clean 0.84 351.00 351.00 351.00 351.00
do_not_dry_clean 0.84 351.00 351.00 351.00 351.00
do_not_dry_clean 0.84 351.00 351.00 351.00 351.00
do_not_dry_clean 0.84 351.00 351.00 351.00 351.00
do_not_dry_clean 0.84 351.00 351.00 351.00 351.00
do_not_dry_clean 0.84 348.21 351.00 351.00 351.00
do_not_dry_clean 0.57 351.00 351.00 351.00 351.00
do_not_dry_clean 0.57 351.00 351.00 351.00 351.00
do_not_dry_clean 0.44 351.00 351.00 351.00 351.00
do_not_dry_clean 0.27 351.00 351.00 351.00 351.00
do_not_dry_clean 0.27 351.00 351.00 351.00 351.00
do_not_dry_clean 0.27 351.00 351.00 351.00 351.00
do_not_dry_clean 0.27 351.00 351.00 351.00 351.00
do_not_dry_clean 0.26 351.00 351.00 351.00 351.00
