do_not_wash 0.93 97.64 324.42 116.16 343.19
do_not_wash 0.85 417.93 269.84 434.71 286.05
do_not_wash 0.22 421.88 267.20 449.47 293.99
do_not_wash 0.18 104.30 317.27 119.48 332.80
do_not_wash 0.08 81.26 320.86 109.41 348.58
do_not_bleach 0.88 113.28 315.34 131.54 333.41
do_not_bleach 0.88 106.71 320.67 123.86 339.18
do_not_bleach 0.83 435.87 267.72 452.42 284.27
do_not_bleach 0.83 427.55 266.31 444.20 283.00
do_not_bleach 0.83 426.51 275.94 444.17 292.74
do_not_bleach 0.72 119.40 320.64 138.03 341.06
do_not_bleach 0.47 130.09 319.54 148.21 339.88
do_not_bleach 0.16 411.43 270.26 437.45 297.55
do_not_bleach 0.08 444.25 265.33 461.71 282.77
do_not_bleach 0.08 456.92 272.19 473.95 289.72
do_not_bleach 0.08 447.83 274.84 465.67 291.10
do_not_bleach 0.07 94.55 325.70 112.03 342.76
do_not_iron 0.99 143.16 316.47 160.22 335.03
do_not_iron 0.99 138.00 325.02 154.35 343.70
do_not_iron 0.98 459.19 274.53 476.94 290.41
do_not_iron 0.98 466.71 266.70 483.07 282.85
do_not_iron 0.90 150.75 325.51 166.41 342.57
do_not_iron 0.62 445.43 269.60 462.31 286.30
do_not_iron 0.45 448.88 261.54 489.85 291.18
do_not_iron 0.13 126.53 321.60 145.73 341.58
do_not_iron 0.08 158.21 324.10 175.30 340.96
