do_not_bleach 0.99 175.29 421.00 227.51 421.00
do_not_bleach 0.99 171.98 421.00 222.34 421.00
do_not_bleach 0.99 168.59 421.00 228.76 421.00
do_not_bleach 0.99 178.23 421.00 229.45 421.00
do_not_bleach 0.99 165.12 421.00 233.07 421.00
do_not_bleach 0.98 170.63 421.00 226.66 421.00
do_not_bleach 0.98 172.51 421.00 225.68 421.00
do_not_bleach 0.98 167.61 421.00 218.69 421.00
do_not_bleach 0.98 172.36 421.00 218.54 421.00
do_not_bleach 0.97 175.15 421.00 231.69 421.00
do_not_bleach 0.85 172.24 421.00 229.96 421.00
do_not_bleach 0.85 162.31 421.00 229.73 421.00
do_not_bleach 0.74 188.08 421.00 238.87 421.00
do_not_bleach 0.73 163.38 421.00 222.57 421.00
do_not_bleach 0.69 169.24 421.00 220.80 421.00
do_not_bleach 0.46 182.50 421.00 252.02 421.00
do_not_bleach 0.22 174.18 421.00 227.11 421.00
do_not_bleach 0.20 170.02 421.00 220.48 421.00
do_not_bleach 0.17 173.29 421.00 227.26 421.00
do_not_bleach 0.09 157.98 421.00 217.48 421.00
do_not_bleach 0.08 176.68 421.00 228.04 421.00
do_not_bleach 0.06 163.27 421.00 223.68 421.00
do_not_iron 0.85 240.82 421.00 292.21 421.00
do_not_iron 0.85 232.55 421.00 281.49 421.00
do_not_iron 0.82 235.03 421.00 280.61 421.00
do_not_iron 0.69 229.22 421.00 288.41 421.00
do_not_iron 0.41 239.45 421.00 285.82 421.00
do_not_iron 0.21 236.51 421.00 281.08 421.00
do_not_iron 0.19 244.33 421.00 290.24 421.00
do_not_iron 0.07 226.28 421.00 282.76 421.00
