do_not_bleach 1.00 269.29 383.00 422.65 383.00
do_not_bleach 1.00 265.79 383.00 433.67 383.00
do_not_bleach 1.00 270.75 383.00 418.94 383.00
do_not_bleach 1.00 273.54 383.00 417.09 383.00
do_not_bleach 1.00 271.89 383.00 415.89 383.00
do_not_bleach 1.00 253.25 383.00 429.84 383.00
do_not_bleach 1.00 275.19 383.00 418.64 383.00
do_not_bleach 1.00 262.64 383.00 432.66 383.00
do_not_bleach 0.99 268.98 383.00 428.09 383.00
do_not_bleach 0.99 248.82 383.00 425.26 383.00
do_not_bleach 0.99 268.12 383.00 427.65 383.00
do_not_bleach 0.97 276.11 383.00 422.78 383.00
do_not_bleach 0.96 261.53 383.00 426.79 383.00
do_not_bleach 0.93 254.29 383.00 434.47 383.00
do_not_bleach 0.87 279.49 383.00 414.99 383.00
do_not_bleach 0.86 251.95 383.00 435.30 383.00
do_not_bleach 0.83 288.60 383.00 404.85 383.00
do_not_bleach 0.83 272.26 383.00 424.56 383.00
do_not_bleach 0.81 276.83 383.00 423.92 383.00
do_not_bleach 0.81 273.21 383.00 427.19 383.00
do_not_bleach 0.74 288.68 383.00 405.41 383.00
do_not_bleach 0.70 268.25 383.00 423.46 383.00
do_not_bleach 0.70 245.55 383.00 471.88 383.00
do_not_bleach 0.53 270.87 383.00 422.74 383.00
do_not_bleach 0.51 292.02 383.00 408.75 383.00
do_not_bleach 0.50 212.37 383.00 446.95 383.00
do_not_bleach 0.44 290.16 383.00 416.69 383.00
do_not_bleach 0.44 313.07 383.00 405.58 383.00
do_not_bleach 0.43 281.25 383.00 413.62 383.00
do_not_bleach 0.43 285.86 383.00 404.98 383.00
do_not_bleach 0.41 224.62 383.00 437.03 383.00
do_not_bleach 0.38 233.84 383.00 454.80 383.00
do_not_bleach 0.31 288.55 383.00 388.53 383.00
do_not_bleach 0.28 282.32 383.00 412.51 383.00
do_not_bleach 0.23 283.48 383.00 411.34 383.00
do_not_bleach 0.22 281.93 383.00 409.04 383.00
do_not_bleach 0.19 289.40 383.00 400.43 383.00
do_not_bleach 0.11 241.65 383.00 428.61 383.00
do_not_bleach 0.09 278.47 383.00 383.41 383.00
do_not_bleach 0.07 251.39 383.00 463.41 383.00
do_not_bleach 0.06 283.69 383.00 397.21 383.00
do_not_bleach 0.05 274.16 383.00 357.72 383.00
