do_not_bleach 1.00 163.21 203.63 270.32 286.42
do_not_bleach 0.24 466.00 375.00 466.00 375.00
do_not_bleach 0.23 466.00 375.00 466.00 375.00
do_not_bleach 0.15 466.00 375.00 466.00 375.00
do_not_bleach 0.10 466.00 375.00 466.00 375.00
do_not_bleach 0.10 466.00 375.00 466.00 375.00
do_not_bleach 0.06 466.00 375.00 466.00 375.00
do_not_bleach 0.05 466.00 375.00 466.00 375.00
do_not_iron 0.05 466.00 375.00 466.00 375.00
do_not_dry_clean 0.11 466.00 375.00 466.00 375.00
do_not_dry_clean 0.10 466.00 375.00 466.00 375.00
do_not_dry_clean 0.09 466.00 375.00 466.00 375.00
do_not_dry_clean 0.08 466.00 375.00 466.00 375.00
do_not_dry_clean 0.08 466.00 375.00 466.00 375.00
do_not_dry_clean 0.08 466.00 375.00 466.00 375.00
