do_not_wash 0.16 259.54 492.00 335.98 492.00
do_not_wash 0.14 270.84 492.00 350.41 492.00
do_not_wash 0.13 260.96 492.00 348.25 492.00
do_not_bleach 1.00 183.11 492.00 270.39 492.00
do_not_bleach 0.99 177.58 492.00 262.41 492.00
do_not_bleach 0.98 188.11 492.00 265.72 492.00
do_not_bleach 0.98 179.35 492.00 253.78 492.00
do_not_bleach 0.98 184.53 492.00 261.13 492.00
do_not_bleach 0.98 174.94 492.00 267.63 492.00
do_not_bleach 0.98 187.23 492.00 265.56 492.00
do_not_bleach 0.98 178.74 492.00 266.70 492.00
do_not_bleach 0.97 178.78 492.00 263.87 492.00
do_not_bleach 0.96 187.05 492.00 261.78 492.00
do_not_bleach 0.94 176.94 492.00 253.74 492.00
do_not_bleach 0.91 152.96 492.00 324.08 492.00
do_not_bleach 0.90 182.66 492.00 257.10 492.00
do_not_bleach 0.87 188.02 492.00 261.84 492.00
do_not_bleach 0.83 181.68 492.00 249.62 492.00
do_not_bleach 0.62 191.43 492.00 252.90 492.00
do_not_bleach 0.60 271.55 492.00 348.83 492.00
do_not_bleach 0.58 261.13 492.00 347.11 492.00
do_not_bleach 0.54 260.14 492.00 334.60 492.00
do_not_bleach 0.50 177.97 492.00 257.25 492.00
do_not_bleach 0.46 179.00 492.00 265.22 492.00
do_not_bleach 0.30 265.48 492.00 342.20 492.00
do_not_bleach 0.28 181.66 492.00 252.54 492.00
do_not_bleach 0.16 135.45 492.00 337.47 492.00
do_not_bleach 0.15 260.32 492.00 347.41 492.00
do_not_bleach 0.15 261.37 492.00 344.16 492.00
do_not_bleach 0.14 194.83 492.00 263.25 492.00
do_not_bleach 0.12 271.39 492.00 347.67 492.00
do_not_bleach 0.11 183.56 492.00 260.39 492.00
do_not_bleach 0.11 152.35 492.00 288.05 492.00
do_not_bleach 0.10 266.51 492.00 343.62 492.00
do_not_bleach 0.08 270.57 492.00 328.29 492.00
do_not_bleach 0.07 276.46 492.00 348.83 492.00
do_not_bleach 0.05 268.54 492.00 332.57 492.00
