do_not_bleach 1.00 196.00 197.75 300.07 298.34
do_not_bleach 0.22 334.72 208.57 394.00 273.04
do_not_bleach 0.07 267.82 186.30 394.00 291.36
do_not_iron 0.90 312.52 195.65 394.00 277.53
do_not_dry_clean 0.99 394.00 190.07 394.00 271.42
do_not_dry_clean 0.99 394.00 193.37 394.00 272.92
do_not_dry_clean 0.97 394.00 193.80 394.00 274.05
do_not_dry_clean 0.97 394.00 191.12 394.00 270.56
do_not_dry_clean 0.96 394.00 191.03 394.00 270.52
do_not_dry_clean 0.93 394.00 194.03 394.00 274.36
do_not_dry_clean 0.83 394.00 187.08 394.00 265.53
do_not_dry_clean 0.82 394.00 197.53 394.00 269.04
do_not_dry_clean 0.68 394.00 187.02 394.00 265.32
do_not_dry_clean 0.64 394.00 190.09 394.00 259.66
do_not_dry_clean 0.48 394.00 200.89 394.00 269.30
do_not_dry_clean 0.34 394.00 191.97 394.00 270.83
do_not_dry_clean 0.32 394.00 192.15 394.00 269.42
do_not_dry_clean 0.29 394.00 182.69 394.00 259.66
do_not_dry_clean 0.29 394.00 185.53 394.00 266.02
do_not_dry_clean 0.20 394.00 191.45 394.00 260.26
do_not_dry_clean 0.13 394.00 203.15 394.00 273.82
do_not_dry_clean 0.13 394.00 179.26 394.00 256.79
do_not_dry_clean 0.12 394.00 173.94 394.00 298.59
do_not_dry_clean 0.11 394.00 182.37 394.00 281.54
do_not_dry_clean 0.10 394.00 204.83 394.00 273.74
