do_not_wash 0.99 115.68 416.00 199.42 416.00
do_not_wash 0.99 118.13 416.00 197.74 416.00
do_not_wash 0.99 115.03 416.00 198.08 416.00
do_not_wash 0.99 115.89 416.00 217.26 416.00
do_not_wash 0.98 127.32 416.00 207.05 416.00
do_not_wash 0.97 110.86 416.00 204.92 416.00
do_not_wash 0.96 108.28 416.00 214.07 416.00
do_not_wash 0.90 120.59 416.00 205.75 416.00
do_not_wash 0.90 117.56 416.00 194.77 416.00
do_not_wash 0.85 115.44 416.00 194.45 416.00
do_not_wash 0.82 116.45 416.00 199.83 416.00
do_not_wash 0.52 114.69 416.00 202.83 416.00
do_not_wash 0.46 123.77 416.00 202.73 416.00
do_not_wash 0.40 119.47 416.00 188.83 416.00
do_not_wash 0.19 132.20 416.00 214.93 416.00
do_not_wash 0.09 93.00 404.87 293.48 416.00
do_not_bleach 1.00 195.66 416.00 301.93 416.00
do_not_bleach 1.00 211.27 412.98 294.30 416.00
do_not_bleach 0.99 207.61 416.00 295.09 416.00
do_not_bleach 0.99 204.58 416.00 285.71 416.00
do_not_bleach 0.97 213.24 416.00 293.05 416.00
do_not_bleach 0.95 115.21 399.65 318.73 416.00
do_not_bleach 0.90 214.04 416.00 291.71 416.00
do_not_bleach 0.88 201.68 415.28 311.53 416.00
do_not_bleach 0.59 127.24 410.66 309.21 416.00
do_not_bleach 0.28 217.28 415.79 298.55 416.00
do_not_bleach 0.13 215.89 416.00 300.56 416.00
do_not_iron 0.99 356.00 385.44 356.00 416.00
do_not_iron 0.99 356.00 379.06 356.00 416.00
do_not_iron 0.99 356.00 386.12 356.00 416.00
do_not_iron 0.99 356.00 386.93 356.00 416.00
do_not_iron 0.99 356.00 377.85 356.00 416.00
do_not_iron 0.98 356.00 388.29 356.00 416.00
do_not_iron 0.97 356.00 386.33 356.00 416.00
do_not_iron 0.93 356.00 391.32 356.00 416.00
do_not_iron 0.90 356.00 379.78 356.00 416.00
do_not_iron 0.89 356.00 384.94 356.00 416.00
do_not_iron 0.68 356.00 393.60 356.00 416.00
do_not_iron 0.58 356.00 385.16 356.00 416.00
do_not_iron 0.53 356.00 385.59 356.00 416.00
do_not_iron 0.48 356.00 386.58 356.00 416.00
do_not_iron 0.29 356.00 390.76 356.00 416.00
do_not_iron 0.28 356.00 387.31 356.00 416.00
do_not_iron 0.17 315.83 380.31 356.00 416.00
