do_not_wash 0.98 188.08 97.74 246.68 147.39
do_not_wash 0.13 103.86 501.00 152.02 501.00
do_not_wash 0.13 110.38 501.00 160.93 501.00
do_not_wash 0.10 501.00 25.00 501.00 64.05
do_not_wash 0.10 116.06 501.00 158.99 501.00
do_not_wash 0.10 103.90 501.00 153.84 501.00
do_not_wash 0.10 501.00 24.15 501.00 62.58
do_not_wash 0.09 501.00 25.05 501.00 62.89
do_not_wash 0.07 100.52 501.00 158.41 501.00
do_not_wash 0.07 115.83 501.00 162.91 501.00
do_not_wash 0.06 107.62 501.00 157.65 501.00
do_not_wash 0.06 109.92 501.00 155.32 501.00
do_not_bleach 0.99 501.00 105.39 501.00 151.61
do_not_bleach 0.99 501.00 113.93 501.00 153.66
do_not_bleach 0.99 501.00 108.54 501.00 148.56
do_not_bleach 0.99 501.00 115.73 501.00 159.91
do_not_bleach 0.98 190.09 501.00 244.81 501.00
do_not_bleach 0.97 501.00 108.45 501.00 149.20
do_not_bleach 0.97 188.00 501.00 236.77 501.00
do_not_bleach 0.97 184.18 501.00 240.89 501.00
do_not_bleach 0.96 501.00 110.59 501.00 158.15
do_not_bleach 0.96 501.00 104.52 501.00 150.95
do_not_bleach 0.95 501.00 110.27 501.00 150.45
do_not_bleach 0.95 501.00 103.83 501.00 147.43
do_not_bleach 0.95 187.96 501.00 244.48 501.00
do_not_bleach 0.94 188.71 501.00 236.46 501.00
do_not_bleach 0.92 189.93 501.00 244.88 501.00
do_not_bleach 0.91 193.36 501.00 244.78 501.00
do_not_bleach 0.91 192.50 501.00 244.09 501.00
do_not_bleach 0.90 191.36 501.00 238.05 501.00
do_not_bleach 0.89 501.00 104.37 501.00 148.35
do_not_bleach 0.89 196.49 501.00 244.07 501.00
do_not_bleach 0.84 185.81 501.00 253.67 501.00
do_not_bleach 0.84 501.00 113.18 501.00 156.94
do_not_bleach 0.73 192.80 501.00 251.93 501.00
do_not_bleach 0.73 191.19 501.00 241.66 501.00
do_not_bleach 0.73 178.15 501.00 241.71 501.00
do_not_bleach 0.70 186.25 501.00 241.54 501.00
do_not_bleach 0.70 195.19 501.00 248.63 501.00
do_not_bleach 0.38 501.00 108.57 501.00 148.02
do_not_bleach 0.32 182.30 501.00 246.86 501.00
do_not_bleach 0.31 501.00 501.00 501.00 501.00
do_not_bleach 0.31 501.00 501.00 501.00 501.00
do_not_bleach 0.29 102.87 501.00 153.31 501.00
do_not_bleach 0.29 115.17 501.00 158.54 501.00
do_not_bleach 0.28 198.01 501.00 254.04 501.00
do_not_bleach 0.28 109.37 501.00 155.70 501.00
do_not_bleach 0.26 109.86 501.00 160.41 501.00
do_not_bleach 0.26 103.37 501.00 151.52 501.00
do_not_bleach 0.23 188.44 501.00 237.76 501.00
do_not_bleach 0.22 107.97 501.00 158.60 501.00
do_not_bleach 0.22 100.38 501.00 158.56 501.00
do_not_bleach 0.21 171.35 501.00 237.56 501.00
do_not_bleach 0.21 501.00 101.64 501.00 139.28
do_not_bleach 0.21 501.00 100.92 501.00 149.49
do_not_bleach 0.20 97.18 501.00 154.06 501.00
do_not_bleach 0.18 501.00 501.00 501.00 501.00
do_not_bleach 0.17 501.00 112.91 501.00 158.59
do_not_bleach 0.17 501.00 501.00 501.00 501.00
do_not_bleach 0.13 188.41 501.00 244.23 501.00
do_not_bleach 0.10 115.84 501.00 162.64 501.00
do_not_bleach 0.09 501.00 24.40 501.00 64.47
do_not_bleach 0.09 189.15 501.00 240.14 501.00
do_not_bleach 0.08 501.00 24.78 501.00 63.48
do_not_bleach 0.08 191.32 501.00 247.67 501.00
do_not_bleach 0.07 179.50 501.00 233.07 501.00
do_not_bleach 0.06 501.00 23.96 501.00 63.33
do_not_bleach 0.06 501.00 102.34 501.00 139.96
do_not_bleach 0.06 501.00 96.17 501.00 134.42
do_not_bleach 0.06 501.00 99.49 501.00 142.89
do_not_iron 0.99 192.04 363.97 244.89 408.52
do_not_iron 0.69 501.00 23.21 501.00 61.87
do_not_iron 0.60 501.00 24.22 501.00 62.81
do_not_iron 0.60 501.00 20.12 501.00 63.87
do_not_iron 0.45 501.00 23.29 501.00 63.38
do_not_iron 0.19 501.00 17.67 501.00 60.77
do_not_iron 0.12 444.71 106.68 489.25 142.65
do_not_iron 0.08 501.00 13.52 501.00 61.03
do_not_iron 0.07 501.00 13.58 501.00 59.12
do_not_iron 0.05 501.00 17.56 501.00 74.27
do_not_dry_clean 0.98 449.48 191.97 501.00 235.24
do_not_dry_clean 0.24 104.21 501.00 151.35 501.00
do_not_dry_clean 0.24 110.74 501.00 160.23 501.00
do_not_dry_clean 0.23 109.45 501.00 155.26 501.00
do_not_dry_clean 0.22 103.94 501.00 153.37 501.00
do_not_dry_clean 0.22 116.10 501.00 158.60 501.00
do_not_dry_clean 0.20 101.23 501.00 158.35 501.00
do_not_dry_clean 0.17 97.58 501.00 152.76 501.00
do_not_dry_clean 0.17 108.39 501.00 157.20 501.00
do_not_dry_clean 0.10 116.52 501.00 162.51 501.00
