do_not_bleach 0.99 488.00 388.00 488.00 388.00
do_not_bleach 0.99 488.00 388.00 488.00 388.00
do_not_bleach 0.99 488.00 388.00 488.00 388.00
do_not_bleach 0.99 488.00 388.00 488.00 388.00
do_not_bleach 0.99 488.00 388.00 488.00 388.00
do_not_bleach 0.97 488.00 388.00 488.00 388.00
do_not_bleach 0.97 488.00 388.00 488.00 388.00
do_not_bleach 0.95 488.00 388.00 488.00 388.00
do_not_bleach 0.95 488.00 388.00 488.00 388.00
do_not_bleach 0.94 488.00 388.00 488.00 388.00
do_not_bleach 0.92 488.00 388.00 488.00 388.00
do_not_bleach 0.90 488.00 388.00 488.00 388.00
do_not_bleach 0.87 488.00 388.00 488.00 388.00
do_not_bleach 0.84 488.00 388.00 488.00 388.00
do_not_bleach 0.73 488.00 388.00 488.00 388.00
do_not_bleach 0.73 488.00 388.00 488.00 388.00
do_not_bleach 0.54 488.00 388.00 488.00 388.00
do_not_bleach 0.47 488.00 388.00 488.00 388.00
do_not_bleach 0.28 488.00 388.00 488.00 388.00
do_not_bleach 0.11 488.00 388.00 488.00 388.00
do_not_iron 0.99 415.08 44.77 475.09 91.19
do_not_iron 0.99 488.00 40.12 488.00 85.77
do_not_iron 0.98 488.00 30.16 488.00 82.61
do_not_iron 0.98 488.00 37.48 488.00 84.52
do_not_iron 0.98 488.00 40.07 488.00 94.32
do_not_iron 0.95 488.00 38.50 488.00 85.62
do_not_iron 0.94 488.00 30.41 488.00 80.75
do_not_iron 0.94 488.00 40.93 488.00 83.40
do_not_iron 0.94 488.00 40.51 488.00 85.88
do_not_iron 0.93 488.00 35.75 488.00 82.74
do_not_iron 0.93 488.00 40.53 488.00 92.73
do_not_iron 0.93 488.00 47.54 488.00 95.51
do_not_iron 0.89 488.00 35.73 488.00 85.17
do_not_iron 0.84 488.00 36.90 488.00 87.43
do_not_iron 0.70 488.00 33.06 488.00 75.95
do_not_iron 0.70 488.00 40.50 488.00 83.77
do_not_iron 0.64 488.00 47.08 488.00 88.30
do_not_iron 0.30 488.00 31.83 488.00 74.85
do_not_iron 0.17 488.00 30.56 488.00 74.64
do_not_iron 0.12 488.00 23.86 488.00 70.28
do_not_dry_clean 0.99 406.70 289.36 488.00 351.69
