do_not_bleach 1.00 59.73 160.49 134.81 235.56
do_not_bleach 0.28 40.75 161.97 153.08 332.32
do_not_iron 0.99 57.01 264.32 126.39 328.91
do_not_dry_clean 0.99 49.76 351.00 131.40 351.00
do_not_dry_clean 0.98 61.72 351.00 139.76 351.00
do_not_dry_clean 0.98 62.46 351.00 138.12 351.00
do_not_dry_clean 0.98 57.62 351.00 130.20 351.00
do_not_dry_clean 0.98 51.52 351.00 137.48 351.00
do_not_dry_clean 0.97 54.76 351.00 135.46 351.00
do_not_dry_clean 0.84 62.59 351.00 138.85 351.00
do_not_dry_clean 0.82 61.37 351.00 137.22 351.00
do_not_dry_clean 0.13 59.98 351.00 122.91 351.00
do_not_dry_clean 0.13 47.07 351.00 119.88 351.00
do_not_dry_clean 0.11 59.86 351.00 124.27 351.00
do_not_dry_clean 0.11 49.84 351.00 111.94 351.00
do_not_dry_clean 0.06 56.15 351.00 123.87 351.00
