do_not_bleach 0.97 246.33 308.81 279.03 344.02
do_not_bleach 0.96 243.96 239.40 283.65 270.17
do_not_bleach 0.88 252.90 212.39 287.28 245.27
do_not_bleach 0.42 249.46 201.26 277.34 230.49
do_not_dry_clean 0.99 331.94 298.88 351.00 333.76
do_not_dry_clean 0.99 351.00 200.48 351.00 229.15
do_not_dry_clean 0.99 351.00 194.31 351.00 225.55
do_not_dry_clean 0.99 351.00 199.06 351.00 231.37
do_not_dry_clean 0.98 351.00 237.95 351.00 262.30
do_not_dry_clean 0.98 351.00 243.60 351.00 275.68
do_not_dry_clean 0.98 351.00 233.63 351.00 262.99
do_not_dry_clean 0.98 351.00 245.59 351.00 274.63
do_not_dry_clean 0.98 351.00 233.02 351.00 264.55
do_not_dry_clean 0.95 351.00 238.18 351.00 269.40
do_not_dry_clean 0.95 351.00 243.02 351.00 270.89
do_not_dry_clean 0.95 351.00 247.67 351.00 277.54
do_not_dry_clean 0.92 351.00 233.50 351.00 268.57
do_not_dry_clean 0.83 351.00 189.65 351.00 218.24
do_not_dry_clean 0.83 351.00 194.79 351.00 223.37
do_not_dry_clean 0.78 351.00 235.27 351.00 262.60
do_not_dry_clean 0.78 351.00 229.23 351.00 259.60
do_not_dry_clean 0.78 351.00 224.61 351.00 255.21
do_not_dry_clean 0.75 351.00 200.93 351.00 232.43
do_not_dry_clean 0.75 351.00 196.44 351.00 227.15
do_not_dry_clean 0.72 351.00 226.86 351.00 255.33
do_not_dry_clean 0.65 351.00 210.11 351.00 240.98
do_not_dry_clean 0.65 351.00 208.35 351.00 238.72
do_not_dry_clean 0.65 351.00 203.08 351.00 234.17
do_not_dry_clean 0.65 351.00 198.61 351.00 229.34
do_not_dry_clean 0.58 351.00 194.30 351.00 229.75
do_not_dry_clean 0.53 351.00 237.38 351.00 266.19
do_not_dry_clean 0.53 351.00 237.52 351.00 268.21
do_not_dry_clean 0.36 351.00 182.77 351.00 217.41
do_not_dry_clean 0.36 351.00 189.99 351.00 223.93
do_not_dry_clean 0.35 351.00 194.90 351.00 233.33
do_not_dry_clean 0.23 351.00 240.75 351.00 267.32
do_not_dry_clean 0.20 351.00 235.01 351.00 270.93
do_not_dry_clean 0.12 351.00 225.02 351.00 248.81
do_not_dry_clean 0.11 351.00 187.94 351.00 212.71
do_not_dry_clean 0.08 351.00 236.90 351.00 273.35
do_not_dry_clean 0.07 351.00 204.26 351.00 245.91
do_not_dry_clean 0.07 351.00 194.59 351.00 240.95
do_not_dry_clean 0.07 351.00 190.61 351.00 219.83
do_not_dry_clean 0.06 351.00 197.70 351.00 223.08
do_not_dry_clean 0.06 349.68 311.44 351.00 339.23
do_not_dry_clean 0.05 350.16 221.69 351.00 263.96
