do_not_iron 1.00 9.83 336.00 143.16 336.00
do_not_iron 1.00 1.00 336.00 148.58 336.00
do_not_iron 0.99 6.22 336.00 141.95 336.00
do_not_iron 0.99 16.70 336.00 129.48 336.00
do_not_iron 0.99 22.56 336.00 141.98 336.00
do_not_iron 0.99 19.34 336.00 139.31 336.00
do_not_iron 0.96 6.48 336.00 142.72 336.00
do_not_iron 0.96 24.65 336.00 136.27 336.00
do_not_iron 0.94 21.97 336.00 133.42 336.00
do_not_iron 0.93 16.52 336.00 118.85 336.00
do_not_iron 0.93 24.96 336.00 124.10 336.00
do_not_iron 0.91 31.45 336.00 137.36 336.00
do_not_iron 0.89 7.45 336.00 140.58 336.00
do_not_iron 0.82 25.73 336.00 137.13 336.00
do_not_iron 0.78 25.58 336.00 114.69 336.00
do_not_iron 0.74 9.37 336.00 143.26 336.00
do_not_iron 0.74 25.24 336.00 138.28 336.00
do_not_iron 0.66 16.06 336.00 131.70 336.00
do_not_iron 0.66 24.96 336.00 134.53 336.00
do_not_iron 0.65 19.62 336.00 119.74 336.00
do_not_iron 0.62 34.63 336.00 129.56 336.00
do_not_iron 0.28 28.53 336.00 128.91 336.00
do_not_iron 0.14 11.67 336.00 107.02 336.00
do_not_iron 0.09 1.00 336.00 157.37 336.00
do_not_iron 0.08 16.92 336.00 132.22 336.00
