do_not_bleach 1.00 20.22 173.61 128.53 241.79
do_not_bleach 0.14 44.86 342.00 114.18 342.00
do_not_bleach 0.13 33.28 342.00 107.00 342.00
do_not_bleach 0.12 34.13 342.00 103.44 342.00
do_not_bleach 0.11 40.50 342.00 115.56 342.00
do_not_bleach 0.09 44.47 342.00 97.16 342.00
do_not_bleach 0.09 40.52 342.00 102.95 342.00
do_not_bleach 0.09 33.92 342.00 117.13 342.00
do_not_bleach 0.08 40.74 342.00 114.23 342.00
do_not_bleach 0.07 33.16 342.00 112.99 342.00
do_not_bleach 0.07 30.89 342.00 107.95 342.00
do_not_bleach 0.06 41.91 342.00 97.54 342.00
do_not_bleach 0.06 49.94 342.00 117.36 342.00
do_not_bleach 0.06 33.72 342.00 106.27 342.00
do_not_iron 0.99 44.25 342.00 121.08 342.00
do_not_iron 0.99 53.04 342.00 125.42 342.00
do_not_iron 0.99 39.26 342.00 122.86 342.00
do_not_iron 0.99 49.55 342.00 123.85 342.00
do_not_iron 0.98 47.69 342.00 111.10 342.00
do_not_iron 0.98 42.02 342.00 115.84 342.00
do_not_iron 0.97 36.64 342.00 117.19 342.00
do_not_iron 0.96 40.46 342.00 119.29 342.00
do_not_iron 0.87 42.31 342.00 117.20 342.00
do_not_iron 0.79 46.54 342.00 122.42 342.00
do_not_iron 0.75 45.71 342.00 124.66 342.00
do_not_iron 0.68 44.33 342.00 116.40 342.00
do_not_iron 0.53 42.29 342.00 111.73 342.00
do_not_iron 0.36 28.73 342.00 119.07 342.00
do_not_iron 0.33 35.18 342.00 118.88 342.00
do_not_iron 0.30 24.23 342.00 135.10 342.00
do_not_iron 0.25 49.59 342.00 121.49 342.00
do_not_iron 0.13 53.63 342.00 116.56 342.00
do_not_iron 0.12 39.61 342.00 113.09 342.00
do_not_iron 0.12 37.46 342.00 123.30 342.00
do_not_iron 0.12 22.21 342.00 136.49 342.00
do_not_iron 0.09 53.40 342.00 127.52 342.00
do_not_iron 0.09 51.78 342.00 116.47 342.00
do_not_dry_clean 0.93 34.15 342.00 106.84 342.00
do_not_dry_clean 0.92 31.67 342.00 106.67 342.00
do_not_dry_clean 0.91 41.74 342.00 98.04 342.00
do_not_dry_clean 0.91 41.21 342.00 113.50 342.00
do_not_dry_clean 0.88 35.35 342.00 114.97 342.00
do_not_dry_clean 0.87 38.99 342.00 104.79 342.00
do_not_dry_clean 0.87 43.18 342.00 98.71 342.00
do_not_dry_clean 0.86 34.72 342.00 103.09 342.00
do_not_dry_clean 0.84 44.74 342.00 114.86 342.00
do_not_dry_clean 0.84 33.32 342.00 107.45 342.00
do_not_dry_clean 0.82 33.13 342.00 112.95 342.00
do_not_dry_clean 0.80 41.04 342.00 115.25 342.00
do_not_dry_clean 0.76 37.71 342.00 107.56 342.00
do_not_dry_clean 0.44 51.17 342.00 116.83 342.00
do_not_dry_clean 0.43 35.41 342.00 100.89 342.00
do_not_dry_clean 0.36 44.38 342.00 117.39 342.00
do_not_dry_clean 0.31 29.75 342.00 97.30 342.00
do_not_dry_clean 0.20 42.19 342.00 106.16 342.00
do_not_dry_clean 0.10 40.46 342.00 112.62 342.00
do_not_dry_clean 0.07 41.73 342.00 116.36 342.00
