do_not_bleach 0.98 670.00 273.00 670.00 273.00
do_not_bleach 0.98 670.00 273.00 670.00 273.00
do_not_bleach 0.98 670.00 273.00 670.00 273.00
do_not_bleach 0.98 670.00 273.00 670.00 273.00
do_not_bleach 0.97 670.00 273.00 670.00 273.00
do_not_bleach 0.92 670.00 272.40 670.00 273.00
do_not_bleach 0.92 670.00 271.71 670.00 273.00
do_not_bleach 0.92 670.00 273.00 670.00 273.00
do_not_bleach 0.89 670.00 273.00 670.00 273.00
do_not_bleach 0.83 670.00 273.00 670.00 273.00
do_not_bleach 0.79 670.00 273.00 670.00 273.00
do_not_bleach 0.79 670.00 273.00 670.00 273.00
do_not_bleach 0.59 670.00 273.00 670.00 273.00
do_not_bleach 0.42 670.00 270.29 670.00 273.00
do_not_bleach 0.39 670.00 273.00 670.00 273.00
do_not_bleach 0.38 670.00 269.91 670.00 273.00
do_not_bleach 0.17 670.00 264.98 670.00 273.00
do_not_bleach 0.09 670.00 266.20 670.00 273.00
do_not_bleach 0.06 670.00 273.00 670.00 273.00
do_not_iron 0.99 670.00 272.91 670.00 273.00
do_not_iron 0.99 670.00 273.00 670.00 273.00
do_not_iron 0.99 670.00 273.00 670.00 273.00
do_not_iron 0.98 670.00 273.00 670.00 273.00
do_not_iron 0.89 670.00 273.00 670.00 273.00
do_not_iron 0.78 670.00 273.00 670.00 273.00
do_not_iron 0.51 670.00 273.00 670.00 273.00
do_not_iron 0.27 670.00 273.00 670.00 273.00
do_not_iron 0.27 670.00 273.00 670.00 273.00
do_not_iron 0.20 670.00 273.00 670.00 273.00
do_not_iron 0.19 670.00 268.61 670.00 273.00
do_not_iron 0.10 670.00 273.00 670.00 273.00
do_not_iron 0.10 670.00 268.02 670.00 273.00
do_not_iron 0.09 670.00 273.00 670.00 273.00
do_not_iron 0.07 670.00 273.00 670.00 273.00
do_not_iron 0.06 670.00 269.29 670.00 273.00
do_not_dry_clean 0.99 670.00 271.66 670.00 273.00
do_not_dry_clean 0.98 670.00 273.00 670.00 273.00
do_not_dry_clean 0.98 670.00 273.00 670.00 273.00
do_not_dry_clean 0.98 670.00 269.29 670.00 273.00
do_not_dry_clean 0.98 670.00 273.00 670.00 273.00
do_not_dry_clean 0.98 670.00 271.82 670.00 273.00
do_not_dry_clean 0.98 670.00 271.04 670.00 273.00
do_not_dry_clean 0.97 670.00 273.00 670.00 273.00
do_not_dry_clean 0.88 670.00 271.18 670.00 273.00
do_not_dry_clean 0.86 670.00 273.00 670.00 273.00
do_not_dry_clean 0.82 670.00 272.01 670.00 273.00
do_not_dry_clean 0.77 670.00 269.31 670.00 273.00
do_not_dry_clean 0.77 670.00 270.12 670.00 273.00
do_not_dry_clean 0.73 670.00 273.00 670.00 273.00
do_not_dry_clean 0.68 670.00 273.00 670.00 273.00
do_not_dry_clean 0.57 670.00 269.63 670.00 273.00
do_not_dry_clean 0.51 670.00 273.00 670.00 273.00
do_not_dry_clean 0.43 670.00 267.06 670.00 273.00
do_not_dry_clean 0.43 670.00 271.98 670.00 273.00
do_not_dry_clean 0.35 670.00 273.00 670.00 273.00
do_not_dry_clean 0.35 670.00 273.00 670.00 273.00
do_not_dry_clean 0.21 670.00 264.57 670.00 273.00
do_not_dry_clean 0.11 670.00 273.00 670.00 273.00
do_not_dry_clean 0.09 670.00 268.03 670.00 273.00
do_not_dry_clean 0.09 670.00 266.83 670.00 273.00
do_not_dry_clean 0.09 670.00 266.73 670.00 273.00
do_not_dry_clean 0.08 670.00 271.10 670.00 273.00
do_not_dry_clean 0.05 670.00 269.33 670.00 273.00
