do_not_iron 1.00 84.11 166.87 304.18 281.00
do_not_iron 1.00 393.12 169.00 521.00 281.00
do_not_iron 1.00 521.00 174.70 521.00 281.00
do_not_iron 1.00 521.00 160.94 521.00 281.00
do_not_iron 1.00 521.00 171.28 521.00 281.00
do_not_iron 1.00 521.00 166.54 521.00 281.00
do_not_iron 0.99 521.00 156.94 521.00 281.00
do_not_iron 0.99 521.00 173.31 521.00 281.00
do_not_iron 0.98 521.00 170.06 521.00 281.00
do_not_iron 0.98 521.00 166.74 521.00 281.00
do_not_iron 0.97 521.00 171.34 521.00 281.00
do_not_iron 0.90 521.00 154.29 521.00 281.00
do_not_iron 0.89 521.00 164.34 521.00 281.00
do_not_iron 0.83 521.00 174.19 521.00 281.00
do_not_iron 0.65 521.00 152.56 521.00 281.00
do_not_iron 0.55 521.00 160.84 521.00 281.00
do_not_iron 0.52 521.00 166.79 521.00 281.00
do_not_iron 0.38 521.00 117.39 521.00 281.00
do_not_iron 0.33 521.00 177.14 521.00 281.00
do_not_iron 0.32 521.00 152.78 521.00 281.00
do_not_iron 0.29 521.00 125.81 521.00 281.00
do_not_iron 0.23 521.00 177.24 521.00 281.00
do_not_iron 0.16 521.00 173.43 521.00 262.98
do_not_iron 0.13 521.00 172.33 521.00 281.00
do_not_iron 0.10 521.00 162.22 521.00 281.00
do_not_iron 0.09 521.00 168.62 521.00 268.33
do_not_iron 0.08 521.00 127.42 521.00 281.00
do_not_iron 0.08 521.00 181.92 521.00 281.00
do_not_iron 0.07 521.00 179.87 521.00 269.24
do_not_iron 0.05 521.00 175.18 521.00 281.00
