do_not_bleach 1.00 201.12 18.94 407.03 141.00
do_not_bleach 0.07 726.00 42.24 726.00 141.00
do_not_dry_clean 1.00 726.00 27.65 726.00 141.00
do_not_dry_clean 1.00 726.00 26.97 726.00 141.00
do_not_dry_clean 0.99 726.00 40.26 726.00 141.00
do_not_dry_clean 0.98 726.00 36.87 726.00 141.00
do_not_dry_clean 0.97 726.00 23.46 726.00 141.00
do_not_dry_clean 0.97 726.00 23.11 726.00 141.00
do_not_dry_clean 0.97 726.00 30.85 726.00 141.00
do_not_dry_clean 0.96 726.00 30.88 726.00 141.00
do_not_dry_clean 0.96 726.00 39.48 726.00 141.00
do_not_dry_clean 0.95 726.00 50.72 726.00 141.00
do_not_dry_clean 0.95 726.00 18.88 726.00 141.00
do_not_dry_clean 0.95 726.00 38.88 726.00 141.00
do_not_dry_clean 0.92 726.00 33.28 726.00 141.00
do_not_dry_clean 0.90 726.00 37.66 726.00 141.00
do_not_dry_clean 0.90 726.00 31.44 726.00 141.00
do_not_dry_clean 0.89 726.00 19.00 726.00 141.00
do_not_dry_clean 0.76 726.00 39.51 726.00 141.00
do_not_dry_clean 0.64 726.00 22.28 726.00 141.00
do_not_dry_clean 0.60 726.00 49.86 726.00 141.00
do_not_dry_clean 0.52 726.00 48.68 726.00 136.25
do_not_dry_clean 0.50 726.00 31.06 726.00 141.00
do_not_dry_clean 0.40 726.00 39.98 726.00 141.00
do_not_dry_clean 0.34 726.00 53.34 726.00 141.00
do_not_dry_clean 0.31 726.00 38.75 726.00 141.00
do_not_dry_clean 0.31 726.00 48.40 726.00 138.29
do_not_dry_clean 0.30 726.00 34.18 726.00 141.00
do_not_dry_clean 0.30 726.00 30.99 726.00 141.00
do_not_dry_clean 0.20 726.00 53.33 726.00 141.00
do_not_dry_clean 0.19 726.00 34.94 726.00 131.72
do_not_dry_clean 0.12 711.88 27.89 726.00 141.00
do_not_dry_clean 0.11 726.00 48.57 726.00 141.00
do_not_dry_clean 0.09 726.00 49.52 726.00 141.00
do_not_dry_clean 0.07 726.00 15.64 726.00 141.00
do_not_dry_clean 0.06 726.00 44.31 726.00 132.10
do_not_dry_clean 0.06 726.00 43.82 726.00 141.00
do_not_dry_clean 0.05 726.00 33.50 726.00 132.50
