do_not_bleach 1.00 321.00 320.53 321.00 361.00
do_not_bleach 1.00 321.00 314.52 321.00 361.00
do_not_bleach 0.99 321.00 315.38 321.00 361.00
do_not_bleach 0.99 321.00 311.54 321.00 361.00
do_not_bleach 0.99 321.00 318.76 321.00 361.00
do_not_bleach 0.99 321.00 309.56 321.00 361.00
do_not_bleach 0.97 321.00 315.03 321.00 361.00
do_not_bleach 0.96 321.00 322.78 321.00 361.00
do_not_bleach 0.95 321.00 318.87 321.00 361.00
do_not_bleach 0.88 321.00 319.80 321.00 361.00
do_not_bleach 0.86 321.00 319.55 321.00 361.00
do_not_bleach 0.77 321.00 318.45 321.00 361.00
do_not_bleach 0.66 321.00 319.66 321.00 361.00
do_not_bleach 0.13 321.00 316.65 321.00 361.00
do_not_bleach 0.06 321.00 317.91 321.00 361.00
do_not_bleach 0.06 321.00 317.76 321.00 361.00
do_not_bleach 0.05 321.00 361.00 321.00 361.00
do_not_iron 0.99 321.00 361.00 321.00 361.00
do_not_iron 0.99 321.00 361.00 321.00 361.00
do_not_iron 0.99 321.00 361.00 321.00 361.00
do_not_iron 0.98 321.00 361.00 321.00 361.00
do_not_iron 0.98 321.00 361.00 321.00 361.00
do_not_iron 0.98 321.00 361.00 321.00 361.00
do_not_iron 0.98 321.00 361.00 321.00 361.00
do_not_iron 0.97 321.00 361.00 321.00 361.00
do_not_iron 0.97 321.00 361.00 321.00 361.00
do_not_iron 0.96 321.00 361.00 321.00 361.00
do_not_iron 0.94 321.00 361.00 321.00 361.00
do_not_iron 0.92 321.00 361.00 321.00 361.00
do_not_iron 0.83 321.00 361.00 321.00 361.00
do_not_iron 0.82 321.00 361.00 321.00 361.00
do_not_iron 0.70 321.00 361.00 321.00 361.00
do_not_iron 0.70 321.00 361.00 321.00 361.00
do_not_iron 0.45 321.00 361.00 321.00 361.00
do_not_iron 0.32 321.00 361.00 321.00 361.00
do_not_iron 0.26 321.00 361.00 321.00 361.00
do_not_iron 0.09 321.00 361.00 321.00 361.00
do_not_dry_clean 0.99 40.58 288.24 125.42 357.00
