do_not_bleach 0.99 391.82 474.00 457.17 474.00
do_not_bleach 0.99 394.09 474.00 450.17 474.00
do_not_bleach 0.99 397.31 474.00 450.75 474.00
do_not_bleach 0.99 385.47 474.00 450.78 474.00
do_not_bleach 0.99 388.97 474.00 448.64 474.00
do_not_bleach 0.98 395.13 474.00 451.71 474.00
do_not_bleach 0.98 390.73 474.00 455.15 474.00
do_not_bleach 0.98 389.34 474.00 450.44 474.00
do_not_bleach 0.90 388.01 474.00 450.46 474.00
do_not_bleach 0.89 380.52 474.00 452.87 474.00
do_not_bleach 0.87 399.14 474.00 460.63 474.00
do_not_bleach 0.82 388.17 474.00 461.70 474.00
do_not_bleach 0.62 388.43 474.00 452.85 474.00
do_not_bleach 0.15 393.17 474.00 454.79 474.00
do_not_bleach 0.10 394.08 474.00 458.63 474.00
do_not_bleach 0.09 401.26 474.00 454.79 474.00
do_not_bleach 0.05 403.35 474.00 462.98 474.00
do_not_iron 1.00 310.68 474.00 378.34 474.00
do_not_iron 1.00 309.15 474.00 373.34 474.00
do_not_iron 0.99 300.48 474.00 372.46 474.00
do_not_iron 0.99 314.18 474.00 378.80 474.00
do_not_iron 0.99 309.74 474.00 383.11 474.00
do_not_iron 0.99 311.84 474.00 374.90 474.00
do_not_iron 0.98 308.91 474.00 376.96 474.00
do_not_iron 0.96 303.10 474.00 372.30 474.00
do_not_iron 0.92 307.58 474.00 373.28 474.00
do_not_iron 0.92 297.98 474.00 368.52 474.00
do_not_iron 0.87 323.67 474.00 379.43 474.00
do_not_iron 0.81 300.83 474.00 362.51 474.00
do_not_iron 0.36 306.17 474.00 369.31 474.00
do_not_iron 0.29 325.94 474.00 383.35 474.00
do_not_iron 0.14 300.91 474.00 369.74 474.00
do_not_iron 0.10 307.68 474.00 371.33 474.00
