do_not_iron 1.00 25.04 469.00 157.17 469.00
do_not_iron 1.00 22.57 469.00 154.21 469.00
do_not_iron 1.00 22.36 469.00 158.00 469.00
do_not_iron 0.99 18.47 469.00 153.01 469.00
do_not_iron 0.99 16.88 469.00 158.36 469.00
do_not_iron 0.99 21.46 469.00 142.57 469.00
do_not_iron 0.98 28.39 469.00 144.35 469.00
do_not_iron 0.96 20.65 469.00 153.28 469.00
do_not_iron 0.94 33.95 469.00 141.59 469.00
do_not_iron 0.91 33.09 469.00 153.50 469.00
do_not_iron 0.90 31.50 469.00 135.65 469.00
do_not_iron 0.85 11.84 469.00 164.71 469.00
do_not_iron 0.78 33.87 469.00 148.25 469.00
do_not_iron 0.74 43.93 469.00 142.81 469.00
do_not_iron 0.63 33.85 469.00 149.47 469.00
do_not_iron 0.63 31.66 469.00 149.52 469.00
do_not_iron 0.62 38.79 469.00 145.94 469.00
do_not_iron 0.62 34.41 469.00 154.20 469.00
do_not_iron 0.46 21.41 469.00 132.70 469.00
do_not_iron 0.33 29.28 469.00 148.98 469.00
do_not_iron 0.24 47.38 469.00 150.44 469.00
do_not_iron 0.21 16.15 465.60 156.85 469.00
do_not_iron 0.18 10.76 469.00 164.94 469.00
do_not_iron 0.14 32.92 469.00 149.15 469.00
do_not_iron 0.10 29.51 469.00 139.18 469.00
do_not_iron 0.10 40.16 469.00 132.21 469.00
do_not_iron 0.07 28.92 469.00 137.93 469.00
do_not_iron 0.06 44.61 469.00 142.22 469.00
do_not_iron 0.05 39.02 469.00 141.57 469.00
