do_not_wash 1.00 288.72 49.88 370.22 124.84
do_not_wash 0.27 291.99 222.98 420.19 275.00
do_not_bleach 1.00 721.00 251.28 721.00 275.00
do_not_bleach 1.00 721.00 244.30 721.00 275.00
do_not_bleach 1.00 721.00 250.75 721.00 275.00
do_not_bleach 1.00 721.00 258.15 721.00 275.00
do_not_bleach 0.99 721.00 247.97 721.00 275.00
do_not_bleach 0.98 721.00 254.64 721.00 275.00
do_not_bleach 0.96 721.00 247.04 721.00 275.00
do_not_bleach 0.94 721.00 254.61 721.00 275.00
do_not_bleach 0.92 721.00 245.10 721.00 275.00
do_not_bleach 0.81 721.00 250.31 721.00 275.00
do_not_bleach 0.75 721.00 265.35 721.00 275.00
do_not_bleach 0.74 721.00 241.06 721.00 275.00
do_not_bleach 0.45 721.00 254.45 721.00 275.00
do_not_bleach 0.39 721.00 233.49 721.00 275.00
do_not_bleach 0.36 721.00 248.19 721.00 275.00
do_not_bleach 0.28 721.00 249.75 721.00 275.00
do_not_bleach 0.13 721.00 248.90 721.00 275.00
do_not_bleach 0.05 298.83 222.90 425.46 275.00
do_not_iron 0.99 41.97 227.88 147.58 275.00
do_not_iron 0.66 299.97 222.30 424.64 275.00
do_not_dry_clean 0.98 721.00 53.87 721.00 107.11
do_not_dry_clean 0.98 721.00 52.76 721.00 111.45
do_not_dry_clean 0.98 721.00 46.23 721.00 109.16
do_not_dry_clean 0.97 721.00 45.57 721.00 115.72
do_not_dry_clean 0.95 721.00 40.48 721.00 107.48
do_not_dry_clean 0.94 721.00 52.03 721.00 111.37
do_not_dry_clean 0.90 721.00 45.17 721.00 115.58
do_not_dry_clean 0.87 721.00 55.28 721.00 112.26
do_not_dry_clean 0.87 721.00 56.96 721.00 113.26
do_not_dry_clean 0.85 721.00 51.20 721.00 111.35
do_not_dry_clean 0.55 721.00 49.48 721.00 107.58
do_not_dry_clean 0.31 721.00 46.75 721.00 108.72
do_not_dry_clean 0.11 721.00 37.83 721.00 96.97
do_not_dry_clean 0.10 721.00 49.89 721.00 110.87
do_not_dry_clean 0.07 721.00 48.98 721.00 109.06
