do_not_wash 0.97 67.51 538.00 102.39 538.00
do_not_wash 0.97 71.01 538.00 106.48 538.00
do_not_wash 0.96 65.60 538.00 97.81 538.00
do_not_wash 0.95 59.42 538.00 101.68 538.00
do_not_wash 0.90 69.53 538.00 107.31 538.00
do_not_wash 0.79 63.11 538.00 94.34 538.00
do_not_wash 0.79 53.21 538.00 94.47 538.00
do_not_wash 0.79 61.77 538.00 97.87 538.00
do_not_wash 0.73 76.68 538.00 107.05 538.00
do_not_wash 0.73 72.08 538.00 109.11 538.00
do_not_wash 0.44 63.43 538.00 103.01 538.00
do_not_wash 0.13 45.32 538.00 104.07 538.00
do_not_wash 0.08 63.69 538.00 116.02 538.00
do_not_wash 0.08 63.03 538.00 107.07 538.00
do_not_wash 0.07 14.36 538.00 83.12 538.00
do_not_bleach 0.98 23.86 538.00 65.10 538.00
do_not_bleach 0.98 23.35 538.00 63.08 538.00
do_not_bleach 0.94 21.98 538.00 58.30 538.00
do_not_bleach 0.85 14.18 538.00 59.73 538.00
do_not_bleach 0.75 10.10 538.00 59.66 538.00
do_not_bleach 0.71 12.35 538.00 64.58 538.00
do_not_bleach 0.69 18.87 538.00 63.19 538.00
do_not_bleach 0.69 29.54 538.00 70.82 538.00
do_not_bleach 0.52 13.17 538.00 58.92 538.00
do_not_bleach 0.51 12.46 538.00 82.49 538.00
do_not_bleach 0.19 14.43 538.00 55.08 538.00
do_not_iron 0.99 196.62 538.00 229.83 538.00
do_not_iron 0.98 194.64 538.00 230.28 538.00
do_not_iron 0.98 199.46 538.00 231.38 538.00
do_not_iron 0.98 191.83 538.00 228.41 538.00
do_not_iron 0.84 196.77 538.00 238.19 538.00
do_not_iron 0.81 196.32 538.00 234.39 538.00
do_not_iron 0.81 208.81 538.00 239.24 538.00
do_not_iron 0.81 208.52 538.00 236.84 538.00
do_not_iron 0.81 203.19 538.00 239.33 538.00
do_not_iron 0.79 188.90 538.00 219.29 538.00
do_not_iron 0.77 187.99 538.00 222.48 538.00
do_not_iron 0.77 190.54 538.00 222.49 538.00
do_not_iron 0.48 196.52 538.00 233.25 538.00
do_not_iron 0.36 194.65 538.00 230.82 538.00
do_not_iron 0.34 208.01 538.00 237.95 538.00
do_not_iron 0.33 186.89 538.00 223.38 538.00
do_not_iron 0.12 187.48 538.00 230.47 538.00
do_not_dry_clean 0.99 153.16 538.00 184.33 538.00
do_not_dry_clean 0.99 151.20 538.00 186.23 538.00
do_not_dry_clean 0.99 150.62 538.00 187.90 538.00
do_not_dry_clean 0.98 152.77 538.00 186.95 538.00
do_not_dry_clean 0.98 160.88 538.00 195.55 538.00
do_not_dry_clean 0.97 147.84 538.00 180.30 538.00
do_not_dry_clean 0.97 150.90 538.00 181.89 538.00
do_not_dry_clean 0.97 142.99 538.00 176.80 538.00
do_not_dry_clean 0.93 140.61 538.00 190.55 538.00
do_not_dry_clean 0.74 141.78 538.00 176.53 538.00
do_not_dry_clean 0.69 162.81 538.00 195.94 538.00
do_not_dry_clean 0.33 161.27 538.00 194.18 538.00
do_not_dry_clean 0.28 140.87 538.00 184.89 538.00
do_not_dry_clean 0.28 143.98 538.00 198.95 538.00
do_not_dry_clean 0.24 143.28 538.00 194.69 538.00
do_not_dry_clean 0.23 141.10 538.00 207.26 538.00
do_not_dry_clean 0.16 150.87 538.00 191.58 538.00
do_not_dry_clean 0.06 160.98 538.00 213.99 538.00
