do_not_bleach 0.05 173.90 401.00 251.96 401.00
do_not_bleach 0.05 164.88 401.00 248.90 401.00
do_not_iron 0.99 166.25 401.00 253.96 401.00
do_not_iron 0.99 160.86 401.00 253.55 401.00
do_not_iron 0.99 159.80 401.00 252.87 401.00
do_not_iron 0.99 171.16 401.00 247.26 401.00
do_not_iron 0.99 164.90 401.00 250.93 401.00
do_not_iron 0.97 163.90 401.00 248.21 401.00
do_not_iron 0.96 159.23 401.00 242.69 401.00
do_not_iron 0.95 167.12 401.00 247.75 401.00
do_not_iron 0.93 184.22 401.00 249.57 401.00
do_not_iron 0.87 165.20 401.00 247.27 401.00
do_not_iron 0.84 170.99 401.00 253.68 401.00
do_not_iron 0.84 161.74 401.00 250.76 401.00
do_not_iron 0.62 162.85 401.00 249.34 401.00
do_not_iron 0.41 181.29 401.00 251.45 401.00
do_not_iron 0.15 179.03 401.00 248.84 401.00
do_not_iron 0.14 177.69 401.00 250.56 401.00
do_not_iron 0.11 166.72 401.00 246.85 401.00
