do_not_iron 0.99 244.04 428.00 272.22 428.00
do_not_iron 0.99 249.91 428.00 277.55 428.00
do_not_iron 0.99 571.00 428.00 571.00 428.00
do_not_iron 0.99 571.00 428.00 571.00 428.00
do_not_iron 0.99 571.00 428.00 571.00 428.00
do_not_iron 0.99 571.00 204.48 571.00 226.91
do_not_iron 0.99 571.00 205.72 571.00 230.66
do_not_iron 0.99 571.00 205.90 571.00 232.00
do_not_iron 0.99 571.00 202.79 571.00 229.90
do_not_iron 0.99 571.00 209.69 571.00 232.50
do_not_iron 0.98 571.00 428.00 571.00 428.00
do_not_iron 0.98 262.41 201.11 289.25 225.41
do_not_iron 0.97 571.00 205.07 571.00 237.71
do_not_iron 0.97 571.00 208.69 571.00 231.85
do_not_iron 0.97 571.00 210.40 571.00 242.95
do_not_iron 0.97 571.00 213.66 571.00 236.22
do_not_iron 0.97 571.00 205.68 571.00 230.23
do_not_iron 0.97 245.73 428.00 279.46 428.00
do_not_iron 0.97 247.33 428.00 279.67 428.00
do_not_iron 0.97 571.00 204.02 571.00 228.72
do_not_iron 0.97 247.76 428.00 279.43 428.00
do_not_iron 0.97 571.00 428.00 571.00 428.00
do_not_iron 0.97 571.00 428.00 571.00 428.00
do_not_iron 0.96 246.30 428.00 280.34 428.00
do_not_iron 0.95 571.00 428.00 571.00 428.00
do_not_iron 0.95 250.72 428.00 280.17 428.00
do_not_iron 0.95 248.24 428.00 277.91 428.00
do_not_iron 0.95 248.68 428.00 284.49 428.00
do_not_iron 0.95 245.30 428.00 287.05 428.00
do_not_iron 0.94 571.00 428.00 571.00 428.00
do_not_iron 0.93 571.00 199.04 571.00 223.93
do_not_iron 0.93 571.00 203.85 571.00 227.46
do_not_iron 0.91 571.00 209.78 571.00 232.20
do_not_iron 0.86 250.50 428.00 278.17 428.00
do_not_iron 0.85 571.00 428.00 571.00 428.00
do_not_iron 0.85 571.00 428.00 571.00 428.00
do_not_iron 0.85 571.00 428.00 571.00 428.00
do_not_iron 0.83 571.00 202.77 571.00 227.75
do_not_iron 0.83 571.00 205.18 571.00 225.99
do_not_iron 0.83 571.00 206.69 571.00 231.40
do_not_iron 0.80 571.00 428.00 571.00 428.00
do_not_iron 0.78 571.00 209.71 571.00 233.75
do_not_iron 0.74 253.14 428.00 282.59 428.00
do_not_iron 0.60 571.00 203.93 571.00 233.33
do_not_iron 0.59 571.00 210.56 571.00 232.29
do_not_iron 0.54 570.70 204.88 571.00 235.75
do_not_iron 0.54 571.00 204.35 571.00 238.69
do_not_iron 0.34 249.24 428.00 278.04 428.00
do_not_iron 0.33 571.00 428.00 571.00 428.00
do_not_iron 0.32 259.27 190.49 283.74 210.67
do_not_iron 0.31 239.65 428.00 282.24 428.00
do_not_iron 0.29 568.85 203.19 571.00 237.29
do_not_iron 0.24 251.85 210.42 280.76 236.78
do_not_iron 0.23 571.00 212.22 571.00 232.97
do_not_iron 0.23 571.00 213.01 571.00 244.24
do_not_iron 0.12 571.00 216.29 571.00 239.47
do_not_iron 0.12 571.00 428.00 571.00 428.00
do_not_iron 0.07 571.00 203.99 571.00 233.03
