do_not_bleach 1.00 544.16 113.69 619.57 171.94
do_not_bleach 0.33 77.34 111.64 149.63 175.39
do_not_iron 1.00 694.68 286.88 789.28 350.51
do_not_iron 0.22 647.97 75.70 801.00 274.51
do_not_iron 0.15 610.94 304.00 801.00 451.00
do_not_iron 0.10 750.64 129.65 801.00 241.45
do_not_iron 0.09 752.98 373.12 801.00 451.00
do_not_iron 0.08 748.92 61.71 801.00 175.03
do_not_dry_clean 0.06 801.00 157.42 801.00 277.12
do_not_dry_clean 0.06 801.00 112.91 801.00 233.92
do_not_dry_clean 0.05 801.00 80.80 801.00 202.91
do_not_dry_clean 0.05 801.00 382.54 801.00 451.00
do_not_dry_clean 0.05 801.00 110.49 801.00 229.06
do_not_dry_clean 0.05 801.00 78.39 801.00 197.19
do_not_dry_clean 0.05 801.00 384.63 801.00 451.00
