do_not_wash 0.99 294.25 7.91 355.60 60.06
do_not_bleach 0.99 88.56 217.64 136.25 261.93
do_not_bleach 0.99 231.37 217.99 281.68 263.06
do_not_bleach 0.68 565.00 110.04 565.00 156.38
do_not_bleach 0.65 565.00 114.94 565.00 165.76
do_not_bleach 0.45 565.00 116.11 565.00 160.67
do_not_bleach 0.45 565.00 107.89 565.00 154.29
do_not_bleach 0.15 565.00 109.48 565.00 164.58
do_not_bleach 0.15 565.00 115.46 565.00 160.10
do_not_bleach 0.10 565.00 311.95 565.00 357.31
do_not_bleach 0.08 565.00 317.82 565.00 369.95
do_not_bleach 0.05 565.00 320.55 565.00 360.72
do_not_bleach 0.05 565.00 317.34 565.00 357.86
do_not_iron 0.95 565.00 309.78 565.00 355.58
do_not_iron 0.94 565.00 303.55 565.00 355.92
do_not_iron 0.94 565.00 307.09 565.00 346.29
do_not_iron 0.93 565.00 313.09 565.00 355.65
do_not_iron 0.90 565.00 312.97 565.00 353.26
do_not_iron 0.90 565.00 302.68 565.00 345.56
do_not_iron 0.88 565.00 306.63 565.00 353.73
do_not_iron 0.79 565.00 309.52 565.00 359.97
do_not_iron 0.76 565.00 304.05 565.00 345.57
do_not_iron 0.74 565.00 319.54 565.00 358.85
do_not_iron 0.73 565.00 310.89 565.00 354.65
do_not_iron 0.49 565.00 316.91 565.00 366.74
do_not_iron 0.38 565.00 302.55 565.00 351.97
do_not_iron 0.34 565.00 316.37 565.00 355.79
do_not_iron 0.26 565.00 293.06 565.00 341.58
do_not_iron 0.26 565.00 304.24 565.00 345.41
do_not_iron 0.25 565.00 309.04 565.00 355.41
do_not_iron 0.23 565.00 321.71 565.00 361.35
