do_not_wash 0.99 311.84 18.94 366.08 64.19
do_not_bleach 0.99 241.47 212.66 288.94 257.14
do_not_bleach 0.99 99.71 210.20 150.68 256.47
do_not_iron 0.99 542.00 308.67 542.00 355.62
do_not_iron 0.99 542.00 315.50 542.00 350.22
do_not_iron 0.99 542.00 301.84 542.00 350.30
do_not_iron 0.98 542.00 308.55 542.00 350.76
do_not_iron 0.98 542.00 309.19 542.00 351.22
do_not_iron 0.97 542.00 308.27 542.00 353.07
do_not_iron 0.95 542.00 307.59 542.00 353.42
do_not_iron 0.93 542.00 308.22 542.00 348.09
do_not_iron 0.93 542.00 310.39 542.00 349.17
do_not_iron 0.93 542.00 302.88 542.00 344.47
do_not_iron 0.93 542.00 312.70 542.00 353.61
do_not_iron 0.92 542.00 301.39 542.00 346.34
do_not_iron 0.92 542.00 314.62 542.00 355.97
do_not_iron 0.91 542.00 310.12 542.00 350.69
do_not_iron 0.90 542.00 309.48 542.00 346.50
do_not_iron 0.88 542.00 316.22 542.00 353.74
do_not_iron 0.80 542.00 318.61 542.00 352.14
do_not_iron 0.80 542.00 315.32 542.00 363.12
do_not_iron 0.72 542.00 316.80 542.00 355.06
do_not_iron 0.72 542.00 316.56 542.00 357.64
do_not_iron 0.55 542.00 302.76 542.00 344.50
do_not_iron 0.50 542.00 306.45 542.00 345.38
do_not_iron 0.38 542.00 302.65 542.00 347.34
do_not_iron 0.36 542.00 303.07 542.00 342.92
do_not_iron 0.35 542.00 298.38 542.00 338.53
do_not_iron 0.08 313.29 308.52 367.71 355.86
do_not_dry_clean 0.97 24.29 486.00 80.41 486.00
do_not_dry_clean 0.97 32.59 486.00 81.96 486.00
do_not_dry_clean 0.96 17.94 486.00 83.31 486.00
do_not_dry_clean 0.95 22.04 486.00 82.19 486.00
do_not_dry_clean 0.95 29.14 486.00 80.05 486.00
do_not_dry_clean 0.95 24.82 486.00 82.14 486.00
do_not_dry_clean 0.94 21.54 486.00 82.06 486.00
do_not_dry_clean 0.94 23.28 486.00 81.57 486.00
do_not_dry_clean 0.93 26.03 486.00 80.52 486.00
do_not_dry_clean 0.91 25.81 486.00 86.40 486.00
do_not_dry_clean 0.79 26.28 486.00 82.29 486.00
do_not_dry_clean 0.70 17.90 486.00 82.81 486.00
do_not_dry_clean 0.56 35.35 486.00 84.51 486.00
do_not_dry_clean 0.45 30.16 486.00 82.06 486.00
do_not_dry_clean 0.42 28.75 486.00 88.80 486.00
do_not_dry_clean 0.35 26.87 486.00 79.45 486.00
do_not_dry_clean 0.33 16.63 486.00 73.21 486.00
do_not_dry_clean 0.33 32.11 486.00 80.15 486.00
do_not_dry_clean 0.11 13.90 486.00 73.38 486.00
do_not_dry_clean 0.10 32.29 486.00 90.10 486.00
do_not_dry_clean 0.10 44.17 486.00 90.04 486.00
