do_not_wash 0.06 637.00 361.00 637.00 361.00
do_not_wash 0.06 637.00 361.00 637.00 361.00
do_not_bleach 0.75 356.64 361.00 475.74 361.00
do_not_bleach 0.72 350.42 361.00 482.33 361.00
do_not_bleach 0.60 355.79 361.00 480.30 361.00
do_not_bleach 0.48 345.23 361.00 470.65 361.00
do_not_bleach 0.47 367.96 361.00 469.29 361.00
do_not_bleach 0.40 364.41 361.00 464.15 361.00
do_not_bleach 0.35 362.51 361.00 450.85 361.00
do_not_bleach 0.32 349.07 361.00 454.65 361.00
do_not_bleach 0.32 364.08 361.00 455.34 361.00
do_not_bleach 0.32 363.83 361.00 467.01 361.00
do_not_bleach 0.29 354.03 361.00 470.85 361.00
do_not_bleach 0.21 320.30 361.00 501.23 361.00
do_not_bleach 0.18 362.58 361.00 442.31 361.00
do_not_bleach 0.14 361.61 361.00 445.70 361.00
do_not_bleach 0.14 343.13 361.00 491.62 361.00
do_not_bleach 0.12 637.00 361.00 637.00 361.00
do_not_bleach 0.11 637.00 361.00 637.00 361.00
do_not_bleach 0.11 355.56 361.00 456.69 361.00
do_not_bleach 0.10 589.40 361.00 637.00 361.00
do_not_bleach 0.09 348.74 361.00 458.21 361.00
do_not_bleach 0.09 608.49 361.00 637.00 361.00
do_not_bleach 0.09 601.74 361.00 637.00 361.00
do_not_bleach 0.09 576.59 361.00 637.00 361.00
do_not_bleach 0.09 622.09 361.00 637.00 361.00
do_not_bleach 0.08 637.00 361.00 637.00 361.00
do_not_bleach 0.08 370.15 361.00 451.62 361.00
do_not_bleach 0.08 572.93 361.00 637.00 361.00
do_not_bleach 0.07 344.39 361.00 454.69 361.00
do_not_bleach 0.07 368.72 361.00 472.74 361.00
do_not_bleach 0.07 618.67 361.00 637.00 361.00
do_not_bleach 0.06 637.00 361.00 637.00 361.00
do_not_bleach 0.05 634.08 361.00 637.00 361.00
do_not_iron 0.94 604.97 361.00 637.00 361.00
do_not_iron 0.90 604.49 361.00 637.00 361.00
do_not_iron 0.86 610.16 361.00 637.00 361.00
do_not_iron 0.85 596.96 361.00 637.00 361.00
do_not_iron 0.85 579.91 361.00 637.00 361.00
do_not_iron 0.85 593.44 361.00 637.00 361.00
do_not_iron 0.84 600.98 361.00 637.00 361.00
do_not_iron 0.76 614.58 361.00 637.00 361.00
do_not_iron 0.68 567.15 361.00 637.00 361.00
do_not_iron 0.66 561.77 361.00 637.00 361.00
do_not_iron 0.63 596.15 361.00 637.00 361.00
do_not_iron 0.47 596.23 361.00 637.00 361.00
do_not_iron 0.43 619.15 361.00 637.00 361.00
do_not_iron 0.42 621.64 361.00 637.00 361.00
do_not_iron 0.41 637.00 361.00 637.00 361.00
do_not_iron 0.35 626.95 361.00 637.00 361.00
do_not_iron 0.30 574.60 361.00 637.00 361.00
do_not_iron 0.29 612.78 361.00 637.00 361.00
do_not_iron 0.27 637.00 361.00 637.00 361.00
do_not_iron 0.26 608.27 361.00 637.00 361.00
do_not_iron 0.24 608.51 361.00 637.00 361.00
do_not_iron 0.23 637.00 361.00 637.00 361.00
do_not_iron 0.18 624.35 361.00 637.00 361.00
do_not_iron 0.15 637.00 361.00 637.00 361.00
do_not_iron 0.13 615.02 361.00 637.00 361.00
do_not_iron 0.10 622.97 361.00 637.00 361.00
do_not_iron 0.08 339.91 361.00 484.25 361.00
do_not_iron 0.06 351.10 361.00 475.14 361.00
do_not_iron 0.05 351.58 361.00 470.03 361.00
do_not_iron 0.05 347.75 361.00 452.41 361.00
do_not_iron 0.05 364.08 361.00 464.33 361.00
do_not_iron 0.05 637.00 361.00 637.00 361.00
do_not_iron 0.05 615.72 361.00 637.00 361.00
do_not_dry_clean 0.17 359.51 361.00 479.09 361.00
do_not_dry_clean 0.11 367.09 361.00 463.59 361.00
do_not_dry_clean 0.09 372.31 361.00 467.91 361.00
do_not_dry_clean 0.09 363.23 361.00 449.13 361.00
do_not_dry_clean 0.07 354.23 361.00 468.72 361.00
do_not_dry_clean 0.07 355.46 361.00 471.73 361.00
do_not_dry_clean 0.07 361.12 361.00 439.81 361.00
do_not_dry_clean 0.07 352.21 361.00 457.94 361.00
do_not_dry_clean 0.07 350.28 361.00 469.78 361.00
do_not_dry_clean 0.05 365.68 361.00 453.97 361.00
