do_not_wash 0.76 601.00 259.35 601.00 291.87
do_not_wash 0.75 601.00 256.23 601.00 291.96
do_not_wash 0.69 601.00 255.08 601.00 286.45
do_not_wash 0.63 601.00 254.68 601.00 289.41
do_not_wash 0.61 601.00 258.54 601.00 293.10
do_not_wash 0.54 601.00 261.57 601.00 301.48
do_not_wash 0.54 601.00 257.19 601.00 294.35
do_not_wash 0.54 601.00 265.37 601.00 301.62
do_not_wash 0.52 601.00 257.58 601.00 301.03
do_not_wash 0.48 601.00 248.10 601.00 286.83
do_not_wash 0.33 601.00 251.96 601.00 288.75
do_not_wash 0.20 601.00 262.82 601.00 295.13
do_not_wash 0.20 601.00 270.53 601.00 302.67
do_not_wash 0.20 601.00 262.66 601.00 299.16
do_not_wash 0.13 601.00 253.98 601.00 289.00
do_not_wash 0.13 601.00 257.14 601.00 289.52
do_not_wash 0.13 601.00 262.33 601.00 296.01
do_not_wash 0.11 601.00 255.25 601.00 284.51
do_not_wash 0.11 601.00 258.59 601.00 297.34
do_not_wash 0.11 601.00 261.69 601.00 289.53
do_not_wash 0.08 601.00 249.72 601.00 277.77
do_not_wash 0.08 601.00 253.11 601.00 280.72
do_not_wash 0.08 601.00 265.65 601.00 294.27
do_not_bleach 0.09 601.00 255.16 601.00 289.39
do_not_bleach 0.08 601.00 257.54 601.00 294.51
do_not_bleach 0.08 601.00 265.72 601.00 301.78
do_not_bleach 0.07 601.00 261.26 601.00 301.76
do_not_bleach 0.06 601.00 257.01 601.00 292.17
do_not_bleach 0.05 601.00 257.18 601.00 301.22
do_not_bleach 0.05 601.00 270.18 601.00 302.81
do_not_bleach 0.05 601.00 262.26 601.00 299.32
do_not_bleach 0.05 601.00 262.47 601.00 295.27
do_not_bleach 0.05 601.00 247.60 601.00 287.01
do_not_bleach 0.05 601.00 259.84 601.00 292.03
do_not_iron 1.00 357.97 436.00 395.95 436.00
do_not_iron 1.00 360.67 436.00 400.59 436.00
do_not_iron 0.99 357.76 436.00 394.05 436.00
do_not_iron 0.99 356.93 436.00 399.35 436.00
do_not_iron 0.99 356.59 436.00 395.27 436.00
do_not_iron 0.98 364.92 436.00 401.26 436.00
do_not_iron 0.97 353.64 436.00 396.45 436.00
do_not_iron 0.85 356.31 436.00 401.23 436.00
do_not_iron 0.82 353.91 436.00 401.20 436.00
do_not_iron 0.77 360.36 436.00 398.92 436.00
do_not_iron 0.74 349.37 436.00 383.96 436.00
do_not_iron 0.74 354.74 436.00 387.42 436.00
do_not_iron 0.74 358.62 436.00 396.57 436.00
do_not_iron 0.66 356.98 436.00 396.78 436.00
do_not_iron 0.61 364.46 436.00 402.35 436.00
do_not_iron 0.57 346.71 436.00 397.22 436.00
do_not_iron 0.52 361.75 436.00 401.80 436.00
do_not_iron 0.44 368.61 436.00 400.50 436.00
do_not_iron 0.39 350.07 436.00 386.00 436.00
do_not_iron 0.16 349.65 436.00 394.89 436.00
do_not_iron 0.16 601.00 253.89 601.00 289.15
do_not_iron 0.13 348.87 436.00 398.81 436.00
do_not_iron 0.11 601.00 264.29 601.00 301.04
do_not_iron 0.11 601.00 256.08 601.00 293.75
do_not_iron 0.10 601.00 255.41 601.00 291.73
do_not_iron 0.08 601.00 253.94 601.00 286.64
do_not_iron 0.08 601.00 246.36 601.00 287.11
do_not_iron 0.08 601.00 250.33 601.00 288.62
do_not_iron 0.08 601.00 258.23 601.00 291.54
do_not_iron 0.07 601.00 259.70 601.00 301.53
do_not_iron 0.07 601.00 255.52 601.00 300.76
do_not_iron 0.05 601.00 257.29 601.00 292.44
do_not_dry_clean 0.98 451.26 436.00 486.97 436.00
do_not_dry_clean 0.98 453.28 436.00 488.21 436.00
do_not_dry_clean 0.98 446.08 436.00 482.00 436.00
do_not_dry_clean 0.98 450.12 436.00 486.74 436.00
do_not_dry_clean 0.97 538.45 278.12 573.98 310.64
do_not_dry_clean 0.97 443.84 436.00 487.67 436.00
do_not_dry_clean 0.97 448.20 436.00 481.55 436.00
do_not_dry_clean 0.95 444.82 436.00 482.13 436.00
do_not_dry_clean 0.95 445.76 436.00 486.26 436.00
do_not_dry_clean 0.91 454.77 436.00 490.65 436.00
do_not_dry_clean 0.91 440.90 436.00 489.22 436.00
do_not_dry_clean 0.86 446.31 436.00 484.67 436.00
do_not_dry_clean 0.80 444.43 436.00 492.17 436.00
do_not_dry_clean 0.79 450.89 436.00 493.66 436.00
do_not_dry_clean 0.79 442.39 436.00 491.28 436.00
do_not_dry_clean 0.72 445.09 436.00 479.85 436.00
do_not_dry_clean 0.72 452.17 436.00 485.56 436.00
do_not_dry_clean 0.64 437.22 436.00 479.55 436.00
do_not_dry_clean 0.62 453.51 436.00 484.07 436.00
do_not_dry_clean 0.62 456.57 436.00 487.86 436.00
do_not_dry_clean 0.62 459.78 436.00 490.88 436.00
do_not_dry_clean 0.53 445.98 436.00 484.31 436.00
do_not_dry_clean 0.26 438.13 436.00 489.76 436.00
do_not_dry_clean 0.20 445.35 436.00 488.45 436.00
do_not_dry_clean 0.18 460.47 436.00 493.60 436.00
do_not_dry_clean 0.17 453.35 436.00 486.03 436.00
do_not_dry_clean 0.17 457.17 436.00 489.11 436.00
do_not_dry_clean 0.06 601.00 259.06 601.00 292.45
do_not_dry_clean 0.05 601.00 263.22 601.00 294.76
do_not_dry_clean 0.05 601.00 263.10 601.00 298.74
do_not_dry_clean 0.05 601.00 270.92 601.00 302.30
do_not_dry_clean 0.05 601.00 257.10 601.00 294.51
do_not_dry_clean 0.05 601.00 265.29 601.00 301.79
