do_not_bleach 1.00 60.50 160.62 135.62 235.61
do_not_bleach 0.27 40.91 162.26 153.22 332.66
do_not_iron 0.99 57.76 264.60 126.64 328.80
do_not_dry_clean 0.99 49.81 351.00 131.16 351.00
do_not_dry_clean 0.98 52.54 351.00 131.68 351.00
do_not_dry_clean 0.98 61.91 351.00 140.10 351.00
do_not_dry_clean 0.98 62.16 351.00 137.83 351.00
do_not_dry_clean 0.98 57.62 351.00 129.81 351.00
do_not_dry_clean 0.98 50.64 351.00 136.42 351.00
do_not_dry_clean 0.97 54.78 351.00 135.22 351.00
do_not_dry_clean 0.85 62.30 351.00 138.47 351.00
do_not_dry_clean 0.82 61.36 351.00 137.05 351.00
do_not_dry_clean 0.17 61.18 351.00 125.40 351.00
do_not_dry_clean 0.14 60.19 351.00 123.01 351.00
do_not_dry_clean 0.14 47.57 351.00 120.23 351.00
do_not_dry_clean 0.11 59.83 351.00 124.37 351.00
do_not_dry_clean 0.11 49.97 351.00 111.77 351.00
do_not_dry_clean 0.07 56.36 351.00 124.39 351.00
