do_not_wash 0.99 173.59 242.26 215.23 243.00
do_not_wash 0.97 174.91 239.44 215.68 243.00
do_not_wash 0.97 177.81 243.00 215.25 243.00
do_not_wash 0.92 174.58 243.00 215.31 243.00
do_not_wash 0.89 179.27 243.00 215.12 243.00
do_not_wash 0.73 172.43 243.00 209.75 243.00
do_not_wash 0.40 181.32 243.00 215.08 243.00
do_not_wash 0.32 181.17 243.00 218.96 243.00
do_not_wash 0.09 181.55 243.00 212.86 243.00
do_not_wash 0.08 173.79 243.00 206.59 243.00
do_not_bleach 1.00 234.56 238.34 286.37 243.00
do_not_bleach 0.99 239.64 241.76 281.68 243.00
do_not_bleach 0.86 239.18 243.00 283.45 243.00
do_not_bleach 0.81 233.78 243.00 282.44 243.00
do_not_bleach 0.67 242.25 243.00 282.30 243.00
do_not_bleach 0.14 246.29 243.00 286.02 243.00
do_not_bleach 0.05 352.00 71.58 352.00 97.49
do_not_bleach 0.05 352.00 65.41 352.00 93.55
do_not_bleach 0.05 352.00 69.54 352.00 94.61
do_not_bleach 0.05 352.00 65.94 352.00 92.29
do_not_bleach 0.05 352.00 67.89 352.00 89.36
do_not_bleach 0.05 352.00 70.54 352.00 93.62
do_not_iron 0.99 349.21 242.40 352.00 243.00
do_not_iron 0.99 351.44 242.32 352.00 243.00
do_not_iron 0.99 349.28 243.00 352.00 243.00
do_not_iron 0.98 348.77 243.00 352.00 243.00
do_not_iron 0.95 352.00 238.17 352.00 243.00
do_not_iron 0.95 352.00 243.00 352.00 243.00
do_not_iron 0.95 352.00 241.48 352.00 243.00
do_not_iron 0.95 352.00 241.29 352.00 243.00
do_not_iron 0.94 352.00 243.00 352.00 243.00
do_not_iron 0.89 352.00 243.00 352.00 243.00
do_not_iron 0.69 352.00 243.00 352.00 243.00
do_not_iron 0.63 352.00 243.00 352.00 243.00
do_not_iron 0.52 352.00 242.42 352.00 243.00
do_not_iron 0.52 352.00 241.68 352.00 243.00
do_not_iron 0.52 352.00 243.00 352.00 243.00
do_not_iron 0.40 297.98 241.37 336.31 243.00
do_not_iron 0.09 352.00 241.41 352.00 243.00
do_not_iron 0.07 352.00 242.80 352.00 243.00
do_not_iron 0.06 352.00 240.31 352.00 243.00
do_not_iron 0.05 352.00 241.41 352.00 243.00
do_not_iron 0.05 296.66 243.00 330.28 243.00
do_not_dry_clean 0.95 352.00 72.70 352.00 95.53
do_not_dry_clean 0.95 352.00 71.22 352.00 93.09
do_not_dry_clean 0.93 352.00 70.99 352.00 94.10
do_not_dry_clean 0.93 352.00 72.47 352.00 96.03
do_not_dry_clean 0.92 352.00 72.35 352.00 97.23
do_not_dry_clean 0.92 352.00 66.24 352.00 93.27
do_not_dry_clean 0.92 352.00 69.38 352.00 94.78
do_not_dry_clean 0.89 352.00 74.11 352.00 97.75
do_not_dry_clean 0.89 352.00 70.23 352.00 92.04
do_not_dry_clean 0.88 352.00 68.41 352.00 89.78
do_not_dry_clean 0.88 352.00 71.09 352.00 94.08
do_not_dry_clean 0.84 352.00 66.24 352.00 93.21
do_not_dry_clean 0.78 352.00 75.44 352.00 95.33
do_not_dry_clean 0.70 352.00 70.30 352.00 91.87
do_not_dry_clean 0.29 352.00 70.91 352.00 93.15
do_not_dry_clean 0.22 352.00 71.31 352.00 97.06
do_not_dry_clean 0.22 352.00 74.91 352.00 99.75
do_not_dry_clean 0.14 352.00 73.46 352.00 95.59
