do_not_wash 0.08 199.06 121.83 231.05 141.59
do_not_bleach 0.98 537.86 174.26 566.04 200.51
do_not_bleach 0.95 164.78 260.76 181.29 278.44
do_not_bleach 0.74 158.95 276.06 177.68 293.63
do_not_bleach 0.39 348.38 483.00 370.40 483.00
do_not_bleach 0.30 194.09 483.00 227.51 483.00
do_not_bleach 0.25 201.10 125.06 229.17 146.34
do_not_bleach 0.22 153.66 250.97 175.28 269.84
do_not_bleach 0.18 186.55 483.00 204.94 483.00
do_not_bleach 0.12 582.88 433.65 615.64 462.66
do_not_bleach 0.10 204.43 483.00 238.35 483.00
do_not_bleach 0.07 579.40 437.65 595.65 453.41
do_not_bleach 0.06 176.89 264.32 195.00 281.16
do_not_iron 0.22 200.71 124.42 229.28 146.12
do_not_dry_clean 0.89 401.90 483.00 418.82 483.00
do_not_dry_clean 0.81 227.43 280.49 245.44 297.52
do_not_dry_clean 0.81 228.67 295.63 245.24 311.48
do_not_dry_clean 0.60 394.33 483.00 411.88 483.00
do_not_dry_clean 0.53 396.66 483.00 422.81 483.00
do_not_dry_clean 0.53 394.11 483.00 419.50 483.00
do_not_dry_clean 0.49 224.46 276.14 257.65 308.22
do_not_dry_clean 0.46 218.19 275.84 235.74 292.97
do_not_dry_clean 0.46 225.70 271.44 242.08 287.83
do_not_dry_clean 0.19 390.11 483.00 414.15 483.00
do_not_dry_clean 0.19 386.27 483.00 412.00 483.00
do_not_dry_clean 0.11 394.22 483.00 419.02 483.00
do_not_dry_clean 0.10 248.53 483.00 279.03 483.00
do_not_dry_clean 0.10 638.35 433.40 654.68 448.34
do_not_dry_clean 0.10 645.01 439.26 662.18 455.03
do_not_dry_clean 0.08 382.56 483.00 399.76 483.00
