do_not_bleach 0.99 136.44 304.00 223.29 304.00
do_not_bleach 0.98 133.38 304.00 216.46 304.00
do_not_bleach 0.98 135.36 304.00 223.40 304.00
do_not_bleach 0.94 139.66 304.00 209.76 304.00
do_not_bleach 0.93 121.98 304.00 240.40 304.00
do_not_bleach 0.93 139.71 304.00 216.32 304.00
do_not_bleach 0.93 114.84 304.00 232.24 304.00
do_not_bleach 0.81 144.46 304.00 226.98 304.00
do_not_bleach 0.81 134.19 304.00 216.47 304.00
do_not_bleach 0.70 103.57 304.00 248.64 304.00
do_not_bleach 0.66 136.50 304.00 219.48 304.00
do_not_bleach 0.64 135.85 304.00 216.42 304.00
do_not_bleach 0.61 137.21 304.00 214.91 304.00
do_not_bleach 0.52 137.72 304.00 213.93 304.00
do_not_bleach 0.42 140.81 304.00 223.86 304.00
do_not_bleach 0.17 147.87 304.00 226.55 304.00
do_not_bleach 0.12 141.98 304.00 217.18 304.00
do_not_bleach 0.11 137.45 304.00 205.85 304.00
do_not_bleach 0.07 134.56 304.00 206.59 304.00
do_not_dry_clean 1.00 397.88 304.00 498.77 304.00
do_not_dry_clean 1.00 397.08 304.00 501.00 304.00
do_not_dry_clean 0.99 411.57 304.00 501.00 304.00
do_not_dry_clean 0.99 404.50 304.00 497.92 304.00
do_not_dry_clean 0.99 400.89 304.00 491.86 304.00
do_not_dry_clean 0.95 405.41 304.00 501.00 304.00
do_not_dry_clean 0.90 414.54 304.00 493.55 304.00
do_not_dry_clean 0.88 388.26 304.00 501.00 304.00
do_not_dry_clean 0.74 411.83 304.00 491.80 304.00
do_not_dry_clean 0.74 416.26 304.00 501.00 304.00
do_not_dry_clean 0.72 409.94 304.00 495.61 304.00
do_not_dry_clean 0.52 412.64 304.00 491.90 304.00
do_not_dry_clean 0.49 415.19 304.00 488.43 304.00
do_not_dry_clean 0.42 411.05 304.00 500.32 304.00
do_not_dry_clean 0.41 400.87 304.00 489.75 304.00
do_not_dry_clean 0.35 406.75 304.00 480.42 304.00
do_not_dry_clean 0.27 405.76 304.00 493.78 304.00
do_not_dry_clean 0.15 419.80 304.00 501.00 304.00
do_not_dry_clean 0.15 424.72 304.00 499.34 304.00
