do_not_wash 0.25 351.00 324.97 351.00 351.00
do_not_wash 0.17 351.00 326.43 351.00 351.00
do_not_wash 0.14 351.00 335.17 351.00 351.00
do_not_wash 0.10 351.00 335.36 351.00 351.00
do_not_wash 0.09 351.00 331.73 351.00 351.00
do_not_wash 0.08 351.00 332.00 351.00 351.00
do_not_bleach 1.00 220.96 332.80 293.86 351.00
do_not_bleach 0.09 220.75 346.65 279.39 351.00
do_not_bleach 0.08 351.00 326.20 351.00 351.00
do_not_bleach 0.07 351.00 325.13 351.00 351.00
do_not_bleach 0.06 351.00 334.38 351.00 351.00
do_not_bleach 0.05 235.38 349.41 290.84 351.00
do_not_iron 0.29 309.05 327.78 351.00 351.00
do_not_iron 0.05 351.00 322.15 351.00 351.00
do_not_dry_clean 0.19 351.00 333.30 351.00 351.00
do_not_dry_clean 0.17 351.00 323.90 351.00 351.00
do_not_dry_clean 0.15 351.00 323.07 351.00 351.00
do_not_dry_clean 0.12 351.00 333.45 351.00 351.00
do_not_dry_clean 0.12 351.00 329.65 351.00 351.00
do_not_dry_clean 0.11 351.00 334.60 351.00 351.00
do_not_dry_clean 0.11 351.00 336.69 351.00 351.00
do_not_dry_clean 0.10 351.00 329.36 351.00 351.00
do_not_dry_clean 0.09 351.00 323.03 351.00 351.00
do_not_dry_clean 0.07 312.26 331.79 351.00 351.00
