do_not_bleach 0.95 548.31 520.90 567.71 543.03
do_not_bleach 0.95 271.35 313.68 297.38 342.42
do_not_bleach 0.95 539.90 525.81 560.70 550.20
do_not_bleach 0.94 541.17 213.61 561.80 235.54
do_not_bleach 0.88 260.05 531.94 281.52 548.51
do_not_bleach 0.88 544.96 224.69 564.65 247.05
do_not_bleach 0.83 255.96 521.96 278.81 539.15
do_not_bleach 0.63 269.84 522.68 288.66 539.03
do_not_bleach 0.37 538.33 515.17 559.46 536.53
do_not_bleach 0.23 283.20 321.49 307.50 344.61
do_not_bleach 0.12 243.85 530.12 267.05 546.78
do_not_bleach 0.07 559.95 217.70 578.78 236.19
do_not_bleach 0.06 238.51 514.64 285.36 543.02
do_not_iron 0.97 230.33 527.88 252.98 544.00
do_not_iron 0.96 221.82 524.72 242.83 539.46
do_not_iron 0.60 243.15 530.45 266.59 545.89
do_not_iron 0.60 245.65 522.04 269.28 536.72
