do_not_bleach 0.05 255.21 322.00 321.33 322.00
do_not_dry_clean 0.96 256.34 322.00 329.33 322.00
do_not_dry_clean 0.96 252.60 322.00 323.39 322.00
do_not_dry_clean 0.94 262.99 322.00 324.38 322.00
do_not_dry_clean 0.92 252.56 322.00 310.18 322.00
do_not_dry_clean 0.92 251.14 322.00 323.19 322.00
do_not_dry_clean 0.92 256.49 322.00 321.44 322.00
do_not_dry_clean 0.92 250.92 322.00 323.27 322.00
do_not_dry_clean 0.91 265.58 322.00 326.89 322.00
do_not_dry_clean 0.91 265.11 322.00 323.32 322.00
do_not_dry_clean 0.91 251.51 322.00 314.58 322.00
do_not_dry_clean 0.91 253.97 322.00 319.24 322.00
do_not_dry_clean 0.86 253.81 322.00 323.30 322.00
do_not_dry_clean 0.84 254.05 322.00 320.93 322.00
do_not_dry_clean 0.66 252.18 322.00 321.20 322.00
do_not_dry_clean 0.51 261.63 322.00 319.90 322.00
do_not_dry_clean 0.46 361.00 322.00 361.00 322.00
do_not_dry_clean 0.44 255.28 322.00 322.91 322.00
do_not_dry_clean 0.41 361.00 322.00 361.00 322.00
do_not_dry_clean 0.41 361.00 322.00 361.00 322.00
do_not_dry_clean 0.30 263.32 322.00 332.36 322.00
do_not_dry_clean 0.28 361.00 322.00 361.00 322.00
do_not_dry_clean 0.20 361.00 322.00 361.00 322.00
do_not_dry_clean 0.15 361.00 322.00 361.00 322.00
do_not_dry_clean 0.15 361.00 322.00 361.00 322.00
do_not_dry_clean 0.11 361.00 322.00 361.00 322.00
do_not_dry_clean 0.08 361.00 322.00 361.00 322.00
