do_not_wash 0.98 591.00 90.55 591.00 111.45
do_not_wash 0.98 591.00 94.67 591.00 116.64
do_not_wash 0.98 591.00 89.30 591.00 112.97
do_not_wash 0.98 591.00 97.85 591.00 119.05
do_not_wash 0.98 591.00 98.72 591.00 118.14
do_not_wash 0.96 591.00 90.93 591.00 111.63
do_not_wash 0.96 591.00 88.41 591.00 109.75
do_not_wash 0.90 591.00 94.79 591.00 115.08
do_not_wash 0.90 591.00 96.25 591.00 116.17
do_not_wash 0.89 591.00 85.59 591.00 107.55
do_not_wash 0.79 591.00 92.68 591.00 113.50
do_not_wash 0.60 591.00 99.44 591.00 119.45
do_not_wash 0.60 591.00 100.48 591.00 118.45
do_not_wash 0.45 591.00 86.51 591.00 108.82
do_not_wash 0.45 591.00 79.33 591.00 97.26
do_not_wash 0.45 591.00 85.90 591.00 101.87
do_not_wash 0.45 591.00 89.55 591.00 105.33
do_not_wash 0.24 591.00 101.11 591.00 119.92
do_not_wash 0.20 591.00 97.08 591.00 117.19
do_not_wash 0.18 591.00 98.89 591.00 117.94
do_not_wash 0.15 591.00 84.47 591.00 113.33
do_not_wash 0.15 591.00 87.36 591.00 117.72
do_not_wash 0.09 591.00 89.52 591.00 123.70
do_not_wash 0.08 591.00 91.04 591.00 107.86
do_not_wash 0.07 591.00 90.67 591.00 120.03
do_not_bleach 0.07 591.00 401.00 591.00 401.00
do_not_iron 0.97 591.00 303.25 591.00 327.55
do_not_iron 0.97 591.00 301.71 591.00 325.32
do_not_iron 0.94 591.00 307.13 591.00 327.93
do_not_iron 0.94 591.00 305.91 591.00 327.20
do_not_iron 0.94 591.00 311.59 591.00 329.06
do_not_iron 0.94 591.00 300.04 591.00 320.62
do_not_iron 0.94 591.00 300.97 591.00 323.03
do_not_iron 0.94 591.00 304.45 591.00 327.42
do_not_iron 0.94 591.00 306.51 591.00 326.10
do_not_iron 0.94 591.00 308.61 591.00 329.51
do_not_iron 0.80 591.00 306.38 591.00 327.54
do_not_iron 0.80 591.00 301.00 591.00 322.71
do_not_iron 0.80 591.00 306.42 591.00 327.71
do_not_iron 0.69 591.00 301.17 591.00 322.09
do_not_iron 0.69 591.00 299.64 591.00 321.34
do_not_iron 0.56 591.00 310.47 591.00 330.76
do_not_iron 0.56 591.00 311.73 591.00 330.42
do_not_iron 0.54 591.00 300.13 591.00 333.93
do_not_iron 0.34 591.00 316.12 591.00 335.37
do_not_iron 0.34 591.00 321.48 591.00 338.86
do_not_iron 0.34 591.00 319.69 591.00 339.77
do_not_iron 0.17 591.00 299.26 591.00 320.57
do_not_iron 0.17 591.00 303.99 591.00 325.45
do_not_iron 0.14 591.00 324.45 591.00 342.38
do_not_iron 0.14 591.00 319.65 591.00 338.16
do_not_iron 0.13 591.00 298.86 591.00 318.23
do_not_iron 0.05 591.00 301.02 591.00 335.97
do_not_dry_clean 0.97 591.00 349.39 591.00 368.36
do_not_dry_clean 0.97 591.00 346.35 591.00 365.82
do_not_dry_clean 0.97 591.00 351.83 591.00 372.78
do_not_dry_clean 0.97 591.00 347.85 591.00 367.69
do_not_dry_clean 0.96 591.00 352.59 591.00 373.95
do_not_dry_clean 0.96 591.00 349.48 591.00 370.62
do_not_dry_clean 0.96 591.00 348.58 591.00 369.39
do_not_dry_clean 0.96 591.00 354.58 591.00 374.98
do_not_dry_clean 0.96 591.00 355.42 591.00 376.49
do_not_dry_clean 0.85 591.00 353.84 591.00 374.78
do_not_dry_clean 0.85 591.00 357.71 591.00 377.81
do_not_dry_clean 0.82 591.00 353.44 591.00 373.47
do_not_dry_clean 0.80 591.00 347.77 591.00 367.40
do_not_dry_clean 0.69 591.00 347.98 591.00 368.32
do_not_dry_clean 0.69 591.00 351.92 591.00 372.68
do_not_dry_clean 0.53 591.00 348.00 591.00 365.96
do_not_dry_clean 0.53 591.00 349.30 591.00 366.61
do_not_dry_clean 0.34 591.00 348.97 591.00 379.11
do_not_dry_clean 0.13 591.00 359.65 591.00 375.94
do_not_dry_clean 0.07 591.00 339.81 591.00 371.16
do_not_dry_clean 0.07 591.00 358.31 591.00 378.75
do_not_dry_clean 0.07 591.00 316.73 591.00 335.46
do_not_dry_clean 0.07 591.00 322.03 591.00 338.94
do_not_dry_clean 0.07 591.00 320.33 591.00 339.86
do_not_dry_clean 0.05 591.00 367.16 591.00 387.83
