do_not_dry_clean 0.99 208.00 260.34 208.00 292.21
do_not_dry_clean 0.99 208.00 263.78 208.00 291.33
do_not_dry_clean 0.99 208.00 261.09 208.00 292.60
do_not_dry_clean 0.99 208.00 259.45 208.00 290.33
do_not_dry_clean 0.97 208.00 261.29 208.00 290.17
do_not_dry_clean 0.97 208.00 265.86 208.00 292.48
do_not_dry_clean 0.95 207.06 261.66 208.00 294.08
do_not_dry_clean 0.90 208.00 257.57 208.00 289.37
do_not_dry_clean 0.66 208.00 258.18 208.00 286.52
do_not_dry_clean 0.66 208.00 261.28 208.00 288.57
do_not_dry_clean 0.56 208.00 266.68 208.00 292.07
do_not_dry_clean 0.49 208.00 268.99 208.00 295.76
do_not_dry_clean 0.08 208.00 263.92 208.00 292.19
do_not_dry_clean 0.08 208.00 260.54 208.00 288.62
do_not_dry_clean 0.06 208.00 256.70 208.00 285.21
do_not_dry_clean 0.06 208.00 261.80 208.00 290.11
