do_not_bleach 0.98 247.83 351.00 279.19 351.00
do_not_bleach 0.98 247.63 351.00 275.68 351.00
do_not_bleach 0.98 248.94 351.00 279.20 351.00
do_not_bleach 0.97 240.10 351.00 268.10 351.00
do_not_bleach 0.97 242.27 351.00 268.60 351.00
do_not_bleach 0.97 243.00 351.00 273.67 351.00
do_not_bleach 0.97 249.91 351.00 278.56 351.00
do_not_bleach 0.97 245.18 351.00 272.97 351.00
do_not_bleach 0.97 250.48 351.00 279.87 351.00
do_not_bleach 0.93 249.87 351.00 279.24 351.00
do_not_bleach 0.93 253.05 351.00 278.59 351.00
do_not_bleach 0.92 242.18 350.48 286.06 351.00
do_not_bleach 0.72 239.75 351.00 279.89 351.00
do_not_bleach 0.72 238.20 351.00 275.69 351.00
do_not_bleach 0.69 244.24 351.00 271.90 351.00
do_not_bleach 0.63 241.80 351.00 269.99 351.00
do_not_bleach 0.61 253.14 349.37 279.62 351.00
do_not_bleach 0.32 236.87 347.42 278.23 351.00
do_not_bleach 0.18 238.55 351.00 263.39 351.00
do_not_bleach 0.12 251.40 351.00 278.40 351.00
do_not_bleach 0.12 255.27 351.00 277.14 351.00
do_not_bleach 0.12 244.37 351.00 283.69 351.00
do_not_bleach 0.07 249.41 351.00 275.33 351.00
do_not_bleach 0.06 238.56 351.00 283.48 351.00
do_not_bleach 0.06 232.97 351.00 256.74 351.00
do_not_bleach 0.06 238.21 351.00 260.87 351.00
do_not_dry_clean 0.99 289.06 351.00 317.94 351.00
do_not_dry_clean 0.99 291.99 351.00 322.56 351.00
do_not_dry_clean 0.99 284.14 351.00 313.90 351.00
do_not_dry_clean 0.99 291.11 351.00 314.35 351.00
do_not_dry_clean 0.99 292.06 351.00 316.48 351.00
do_not_dry_clean 0.99 295.57 351.00 320.85 351.00
do_not_dry_clean 0.95 289.68 351.00 311.34 351.00
do_not_dry_clean 0.95 289.60 351.00 313.13 351.00
do_not_dry_clean 0.95 285.90 351.00 315.36 351.00
do_not_dry_clean 0.93 286.02 351.00 314.78 351.00
do_not_dry_clean 0.88 301.03 351.00 323.96 351.00
do_not_dry_clean 0.85 283.22 351.00 324.74 351.00
do_not_dry_clean 0.84 281.28 351.00 326.72 351.00
do_not_dry_clean 0.79 286.16 351.00 319.17 351.00
do_not_dry_clean 0.79 291.24 351.00 324.92 351.00
do_not_dry_clean 0.79 283.15 351.00 329.25 351.00
do_not_dry_clean 0.75 293.65 351.00 321.69 351.00
do_not_dry_clean 0.74 292.03 351.00 313.90 351.00
do_not_dry_clean 0.69 284.33 351.00 315.22 351.00
do_not_dry_clean 0.54 287.06 351.00 326.91 351.00
do_not_dry_clean 0.53 285.19 351.00 323.84 351.00
do_not_dry_clean 0.36 288.01 351.00 325.04 351.00
do_not_dry_clean 0.35 285.65 351.00 310.54 351.00
do_not_dry_clean 0.33 280.78 351.00 319.39 351.00
do_not_dry_clean 0.28 303.13 351.00 325.34 351.00
do_not_dry_clean 0.23 287.03 351.00 329.64 351.00
do_not_dry_clean 0.16 297.84 351.00 329.95 351.00
do_not_dry_clean 0.15 292.06 351.00 321.13 351.00
do_not_dry_clean 0.13 281.42 351.00 325.58 351.00
do_not_dry_clean 0.13 278.66 351.00 302.62 351.00
do_not_dry_clean 0.13 284.73 351.00 309.72 351.00
do_not_dry_clean 0.08 282.76 351.00 329.46 351.00
do_not_dry_clean 0.06 291.95 351.00 316.20 351.00
