do_not_bleach 1.00 651.56 18.94 784.19 118.21
do_not_iron 1.00 829.00 28.13 829.00 103.93
do_not_iron 1.00 829.00 19.59 829.00 118.04
do_not_iron 0.99 829.00 19.11 829.00 109.45
do_not_iron 0.99 829.00 22.24 829.00 113.88
do_not_iron 0.98 829.00 27.66 829.00 101.05
do_not_iron 0.98 829.00 31.80 829.00 112.47
do_not_iron 0.97 829.00 20.59 829.00 123.27
do_not_iron 0.97 829.00 27.73 829.00 116.72
do_not_iron 0.95 829.00 13.54 829.00 116.45
do_not_iron 0.89 829.00 27.79 829.00 108.77
do_not_iron 0.88 827.34 27.67 829.00 114.37
do_not_iron 0.76 815.83 23.84 829.00 114.64
do_not_iron 0.52 829.00 26.35 829.00 113.12
do_not_iron 0.45 829.00 23.24 829.00 112.41
do_not_iron 0.44 829.00 19.30 829.00 103.18
do_not_iron 0.44 829.00 30.12 829.00 106.40
do_not_iron 0.34 829.00 23.40 829.00 107.47
do_not_iron 0.34 829.00 25.49 829.00 107.90
do_not_iron 0.22 829.00 19.42 829.00 132.37
do_not_iron 0.18 829.00 31.44 829.00 114.13
do_not_iron 0.11 713.53 17.92 829.00 110.04
do_not_dry_clean 1.00 432.17 22.50 582.77 135.86
