do_not_bleach 0.99 293.59 426.00 326.41 426.00
do_not_bleach 0.98 291.67 244.65 326.35 284.31
do_not_bleach 0.97 353.97 138.90 388.48 169.97
do_not_bleach 0.97 297.33 426.00 329.03 426.00
do_not_bleach 0.97 286.69 426.00 320.59 426.00
do_not_bleach 0.97 295.06 426.00 328.63 426.00
do_not_bleach 0.97 289.39 426.00 325.83 426.00
do_not_bleach 0.97 288.89 426.00 332.03 426.00
do_not_bleach 0.97 287.85 426.00 334.59 426.00
do_not_bleach 0.96 352.86 357.77 389.35 389.38
do_not_bleach 0.94 293.98 426.00 324.28 426.00
do_not_bleach 0.87 283.50 426.00 325.55 426.00
do_not_bleach 0.82 289.79 426.00 323.40 426.00
do_not_bleach 0.82 295.51 426.00 328.00 426.00
do_not_bleach 0.68 370.71 370.00 404.27 398.07
do_not_bleach 0.63 284.02 426.00 328.29 426.00
do_not_bleach 0.58 283.90 426.00 325.39 426.00
do_not_bleach 0.58 303.08 426.00 333.63 426.00
do_not_bleach 0.58 302.83 426.00 331.54 426.00
do_not_bleach 0.58 303.98 426.00 336.85 426.00
do_not_bleach 0.34 287.70 426.00 333.39 426.00
do_not_bleach 0.32 283.08 426.00 331.19 426.00
do_not_bleach 0.23 287.02 426.00 328.58 426.00
do_not_iron 0.99 309.46 355.28 354.28 389.39
do_not_iron 0.99 310.94 136.83 347.10 165.91
do_not_iron 0.06 331.04 131.37 382.13 170.14
