do_not_wash 0.52 518.93 43.11 628.00 215.02
do_not_bleach 1.00 278.31 51.53 496.69 198.83
do_not_bleach 0.18 628.00 73.60 628.00 204.97
do_not_bleach 0.14 628.00 87.02 628.00 184.39
do_not_bleach 0.12 628.00 71.09 628.00 208.26
do_not_bleach 0.10 628.00 69.74 628.00 197.71
do_not_bleach 0.10 628.00 71.53 628.00 214.82
do_not_bleach 0.08 628.00 74.27 628.00 185.03
do_not_bleach 0.07 628.00 92.81 628.00 183.93
do_not_bleach 0.07 511.09 57.19 628.00 220.90
do_not_bleach 0.06 628.00 69.03 628.00 193.84
do_not_bleach 0.06 628.00 60.80 628.00 204.75
do_not_bleach 0.05 628.00 78.99 628.00 185.13
do_not_bleach 0.05 628.00 63.98 628.00 215.98
do_not_iron 0.98 628.00 59.70 628.00 191.54
do_not_iron 0.97 628.00 58.86 628.00 199.04
do_not_iron 0.96 628.00 65.64 628.00 189.65
do_not_iron 0.96 628.00 57.97 628.00 195.26
do_not_iron 0.96 628.00 65.66 628.00 194.39
do_not_iron 0.96 628.00 67.27 628.00 195.10
do_not_iron 0.96 628.00 60.71 628.00 191.77
do_not_iron 0.94 628.00 62.58 628.00 186.40
do_not_iron 0.92 628.00 58.82 628.00 206.58
do_not_iron 0.88 628.00 65.81 628.00 210.31
do_not_iron 0.84 628.00 67.90 628.00 202.09
do_not_iron 0.82 628.00 62.45 628.00 185.27
do_not_iron 0.81 628.00 73.29 628.00 190.27
do_not_iron 0.81 628.00 69.50 628.00 202.52
do_not_iron 0.79 628.00 84.75 628.00 182.63
do_not_iron 0.77 628.00 66.82 628.00 193.32
do_not_iron 0.77 628.00 72.83 628.00 184.27
do_not_iron 0.74 628.00 75.15 628.00 183.45
do_not_iron 0.74 628.00 68.88 628.00 206.14
do_not_iron 0.70 628.00 65.57 628.00 179.27
do_not_iron 0.67 628.00 70.05 628.00 202.39
do_not_iron 0.63 628.00 60.27 628.00 183.75
do_not_iron 0.61 628.00 64.25 628.00 198.93
do_not_iron 0.60 628.00 54.12 628.00 200.85
do_not_iron 0.57 628.00 61.45 628.00 182.83
do_not_iron 0.50 628.00 78.38 628.00 186.36
do_not_iron 0.45 628.00 76.95 628.00 182.61
do_not_iron 0.43 519.51 49.14 628.00 222.83
do_not_iron 0.41 628.00 71.02 628.00 169.74
do_not_iron 0.38 628.00 71.40 628.00 182.71
do_not_iron 0.35 628.00 63.32 628.00 205.14
do_not_iron 0.31 628.00 59.13 628.00 217.98
do_not_iron 0.27 628.00 74.00 628.00 171.91
do_not_iron 0.19 628.00 91.73 628.00 180.31
do_not_iron 0.15 628.00 67.60 628.00 209.18
do_not_iron 0.09 628.00 60.70 628.00 196.56
do_not_iron 0.06 628.00 77.70 628.00 189.98
do_not_iron 0.06 628.00 57.80 628.00 214.65
do_not_dry_clean 0.17 541.17 70.45 628.00 219.68
