do_not_bleach 0.97 301.00 100.80 301.00 119.94
do_not_bleach 0.97 71.99 117.04 88.72 136.01
do_not_bleach 0.93 301.00 100.08 301.00 117.22
do_not_bleach 0.92 184.77 100.43 203.17 119.29
do_not_bleach 0.89 301.00 99.47 301.00 119.03
do_not_bleach 0.83 298.61 95.32 301.00 118.34
do_not_bleach 0.83 301.00 100.90 301.00 117.46
do_not_bleach 0.75 301.00 99.30 301.00 120.02
do_not_bleach 0.63 301.00 100.16 301.00 118.89
do_not_bleach 0.63 301.00 100.39 301.00 117.74
do_not_bleach 0.60 301.00 98.56 301.00 119.08
do_not_bleach 0.60 301.00 99.50 301.00 121.70
do_not_bleach 0.57 301.00 97.86 301.00 115.56
do_not_bleach 0.57 301.00 100.04 301.00 118.16
do_not_bleach 0.45 301.00 106.18 301.00 125.59
do_not_bleach 0.45 301.00 103.77 301.00 122.89
do_not_bleach 0.23 62.59 123.73 87.94 145.42
do_not_bleach 0.15 300.51 101.90 301.00 119.02
do_not_bleach 0.10 301.00 94.01 301.00 116.85
do_not_bleach 0.07 301.00 93.41 301.00 113.15
do_not_bleach 0.07 301.00 100.21 301.00 126.23
do_not_bleach 0.07 301.00 104.08 301.00 120.55
do_not_bleach 0.06 193.69 106.83 209.60 122.77
do_not_bleach 0.06 176.73 106.03 191.72 122.26
do_not_bleach 0.05 301.00 98.19 301.00 114.93
do_not_iron 0.99 292.36 121.46 301.00 138.08
do_not_iron 0.99 55.49 133.53 77.24 153.27
do_not_iron 0.99 171.97 119.05 193.79 135.69
do_not_iron 0.47 297.99 123.75 301.00 138.99
do_not_iron 0.47 301.00 122.77 301.00 137.69
do_not_iron 0.34 172.17 128.98 192.82 145.25
do_not_dry_clean 0.98 301.00 123.14 301.00 139.19
do_not_dry_clean 0.98 301.00 119.77 301.00 136.13
do_not_dry_clean 0.98 301.00 121.10 301.00 137.34
do_not_dry_clean 0.98 197.71 122.86 216.67 139.21
do_not_dry_clean 0.97 301.00 119.84 301.00 136.01
do_not_dry_clean 0.97 301.00 121.88 301.00 138.32
do_not_dry_clean 0.89 301.00 121.84 301.00 141.72
do_not_dry_clean 0.78 301.00 118.32 301.00 137.26
do_not_dry_clean 0.78 301.00 120.54 301.00 138.47
do_not_dry_clean 0.57 301.00 118.60 301.00 134.17
do_not_dry_clean 0.44 301.00 120.94 301.00 137.96
do_not_dry_clean 0.44 301.00 120.28 301.00 134.27
do_not_dry_clean 0.44 301.00 119.91 301.00 140.04
do_not_dry_clean 0.37 301.00 115.20 301.00 135.86
do_not_dry_clean 0.29 301.00 120.19 301.00 137.38
do_not_dry_clean 0.29 301.00 123.46 301.00 140.32
do_not_dry_clean 0.24 301.00 117.45 301.00 139.84
do_not_dry_clean 0.18 187.33 125.00 206.86 139.96
do_not_dry_clean 0.05 301.00 121.20 301.00 136.86
