do_not_bleach 0.99 415.97 204.13 486.18 259.66
do_not_iron 0.99 501.00 271.03 501.00 320.07
do_not_iron 0.99 501.00 277.10 501.00 325.93
do_not_iron 0.99 501.00 273.62 501.00 318.08
do_not_iron 0.99 501.00 280.30 501.00 321.31
do_not_iron 0.99 501.00 273.29 501.00 324.53
do_not_iron 0.99 501.00 270.61 501.00 317.23
do_not_iron 0.98 501.00 272.63 501.00 324.53
do_not_iron 0.98 501.00 269.55 501.00 318.40
do_not_iron 0.91 501.00 265.07 501.00 319.65
do_not_iron 0.81 501.00 267.89 501.00 313.79
do_not_iron 0.76 501.00 277.65 501.00 321.57
do_not_iron 0.73 501.00 275.51 501.00 323.22
do_not_iron 0.49 501.00 272.73 501.00 315.49
do_not_iron 0.43 500.57 273.75 501.00 321.69
do_not_iron 0.41 501.00 272.60 501.00 317.67
do_not_iron 0.37 501.00 280.97 501.00 330.43
do_not_iron 0.25 501.00 265.20 501.00 313.70
do_not_iron 0.25 501.00 274.44 501.00 325.10
do_not_iron 0.15 498.65 259.22 501.00 303.19
do_not_iron 0.10 501.00 260.09 501.00 315.92
do_not_iron 0.07 501.00 254.49 501.00 309.75
