do_not_wash 0.07 352.00 52.70 352.00 69.84
do_not_bleach 0.98 310.54 30.01 329.49 51.43
do_not_bleach 0.05 352.00 52.34 352.00 70.03
do_not_iron 0.86 352.00 46.82 352.00 68.00
do_not_iron 0.85 352.00 48.55 352.00 68.10
do_not_iron 0.81 352.00 48.03 352.00 67.82
do_not_iron 0.81 352.00 52.68 352.00 71.04
do_not_iron 0.81 352.00 51.59 352.00 74.47
do_not_iron 0.71 352.00 48.32 352.00 71.97
do_not_iron 0.71 352.00 50.38 352.00 69.28
do_not_iron 0.71 352.00 49.75 352.00 67.53
do_not_iron 0.71 352.00 53.09 352.00 74.45
do_not_iron 0.56 352.00 51.77 352.00 69.17
do_not_iron 0.49 352.00 47.09 352.00 66.92
do_not_iron 0.46 352.00 51.08 352.00 69.87
do_not_iron 0.18 352.00 53.39 352.00 71.44
do_not_iron 0.14 352.00 48.14 352.00 72.36
do_not_iron 0.10 352.00 44.96 352.00 72.18
do_not_iron 0.08 352.00 43.00 352.00 69.49
do_not_iron 0.06 352.00 48.33 352.00 72.37
do_not_iron 0.06 352.00 58.08 352.00 75.40
do_not_dry_clean 0.97 352.00 54.87 352.00 76.86
do_not_dry_clean 0.96 352.00 54.13 352.00 74.29
do_not_dry_clean 0.95 352.00 53.38 352.00 75.65
do_not_dry_clean 0.94 352.00 54.00 352.00 76.88
do_not_dry_clean 0.94 352.00 52.54 352.00 76.00
do_not_dry_clean 0.92 352.00 54.40 352.00 76.02
do_not_dry_clean 0.90 352.00 57.57 352.00 74.93
do_not_dry_clean 0.90 352.00 57.71 352.00 77.11
do_not_dry_clean 0.89 352.00 55.44 352.00 78.98
do_not_dry_clean 0.81 352.00 48.48 352.00 73.01
do_not_dry_clean 0.74 352.00 50.73 352.00 73.41
do_not_dry_clean 0.70 352.00 52.51 352.00 74.86
do_not_dry_clean 0.63 352.00 48.84 352.00 70.66
do_not_dry_clean 0.55 352.00 52.31 352.00 77.48
do_not_dry_clean 0.44 352.00 52.61 352.00 78.55
do_not_dry_clean 0.38 352.00 46.97 352.00 72.31
do_not_dry_clean 0.37 352.00 53.03 352.00 73.20
do_not_dry_clean 0.37 352.00 48.48 352.00 70.56
do_not_dry_clean 0.28 352.00 50.53 352.00 78.28
do_not_dry_clean 0.25 352.00 48.23 352.00 69.84
do_not_dry_clean 0.25 352.00 50.77 352.00 71.90
do_not_dry_clean 0.25 352.00 52.19 352.00 74.45
do_not_dry_clean 0.23 352.00 52.66 352.00 73.56
do_not_dry_clean 0.22 352.00 50.32 352.00 77.31
do_not_dry_clean 0.19 352.00 53.43 352.00 73.00
do_not_dry_clean 0.16 352.00 49.43 352.00 70.11
do_not_dry_clean 0.09 352.00 59.96 352.00 80.42
do_not_dry_clean 0.08 352.00 52.15 352.00 69.38
do_not_dry_clean 0.07 352.00 50.52 352.00 70.04
do_not_dry_clean 0.05 352.00 49.30 352.00 75.26
