do_not_bleach 0.94 201.88 375.32 234.08 409.01
do_not_bleach 0.93 392.27 367.28 425.51 401.47
do_not_bleach 0.18 162.39 179.76 187.63 206.69
do_not_bleach 0.07 196.42 364.96 221.83 387.83
do_not_iron 0.99 266.20 388.94 304.05 423.34
do_not_iron 0.94 450.74 324.77 484.05 359.46
do_not_iron 0.66 431.62 331.73 466.56 368.15
do_not_iron 0.10 254.48 402.06 298.19 440.93
do_not_dry_clean 0.98 302.99 404.69 336.37 435.64
do_not_dry_clean 0.95 473.81 312.87 503.02 342.27
do_not_dry_clean 0.72 460.79 322.28 494.57 356.20
do_not_dry_clean 0.10 289.48 394.99 325.45 427.17
