do_not_wash 0.96 415.16 179.21 435.53 194.44
do_not_wash 0.77 404.00 173.28 426.70 189.21
do_not_wash 0.42 415.89 165.71 446.84 189.79
do_not_wash 0.16 427.11 184.05 446.02 199.16
do_not_bleach 0.81 327.47 176.27 343.71 195.76
do_not_bleach 0.12 336.50 171.82 354.60 190.91
do_not_bleach 0.06 317.80 166.37 350.77 200.64
do_not_iron 0.89 378.39 169.96 397.24 187.16
do_not_iron 0.89 390.01 178.89 407.90 194.39
do_not_iron 0.82 393.31 169.61 415.38 186.84
do_not_iron 0.17 327.42 171.37 348.26 191.43
do_not_iron 0.15 339.15 175.64 359.06 193.26
do_not_iron 0.12 403.77 172.25 426.24 189.21
