do_not_bleach 0.94 343.00 266.18 343.00 296.53
do_not_bleach 0.94 343.00 257.79 343.00 288.88
do_not_bleach 0.94 343.00 260.80 343.00 295.83
do_not_bleach 0.92 343.00 263.20 343.00 295.01
do_not_bleach 0.91 343.00 260.62 343.00 290.94
do_not_bleach 0.91 343.00 262.83 343.00 292.47
do_not_bleach 0.91 343.00 260.98 343.00 294.97
do_not_bleach 0.91 343.00 264.89 343.00 291.28
do_not_bleach 0.88 343.00 261.30 343.00 294.68
do_not_bleach 0.79 343.00 269.55 343.00 299.28
do_not_bleach 0.67 343.00 271.38 343.00 297.96
do_not_bleach 0.56 343.00 268.13 343.00 294.91
do_not_bleach 0.48 343.00 258.08 343.00 296.96
do_not_bleach 0.37 343.00 247.30 343.00 286.85
do_not_bleach 0.32 343.00 261.31 343.00 297.63
do_not_bleach 0.11 343.00 267.80 343.00 292.82
do_not_bleach 0.10 343.00 259.28 343.00 298.51
do_not_bleach 0.08 343.00 254.39 343.00 293.04
do_not_bleach 0.05 343.00 258.83 343.00 292.19
do_not_dry_clean 0.99 343.00 281.68 343.00 313.33
do_not_dry_clean 0.98 324.26 350.00 343.00 350.00
do_not_dry_clean 0.98 323.92 350.00 343.00 350.00
do_not_dry_clean 0.98 323.63 350.00 343.00 350.00
do_not_dry_clean 0.98 326.30 350.00 343.00 350.00
do_not_dry_clean 0.98 316.50 350.00 343.00 350.00
do_not_dry_clean 0.98 322.53 350.00 343.00 350.00
do_not_dry_clean 0.98 343.00 280.97 343.00 316.98
do_not_dry_clean 0.98 323.51 350.00 343.00 350.00
do_not_dry_clean 0.98 343.00 280.41 343.00 312.48
do_not_dry_clean 0.97 343.00 279.79 343.00 316.84
do_not_dry_clean 0.97 309.17 350.00 343.00 350.00
do_not_dry_clean 0.97 320.87 350.00 343.00 350.00
do_not_dry_clean 0.96 343.00 281.76 343.00 318.09
do_not_dry_clean 0.96 343.00 281.48 343.00 311.50
do_not_dry_clean 0.96 343.00 282.42 343.00 319.30
do_not_dry_clean 0.96 343.00 276.87 343.00 310.36
do_not_dry_clean 0.96 343.00 272.29 343.00 306.60
do_not_dry_clean 0.95 343.00 277.14 343.00 316.11
do_not_dry_clean 0.95 343.00 283.33 343.00 313.89
do_not_dry_clean 0.95 343.00 279.15 343.00 309.89
do_not_dry_clean 0.93 318.73 350.00 343.00 350.00
do_not_dry_clean 0.90 313.60 350.00 343.00 350.00
do_not_dry_clean 0.87 343.00 277.87 343.00 309.54
do_not_dry_clean 0.86 343.00 289.96 343.00 318.65
do_not_dry_clean 0.83 314.82 350.00 343.00 350.00
do_not_dry_clean 0.80 317.88 350.00 343.00 350.00
do_not_dry_clean 0.80 319.09 350.00 343.00 350.00
do_not_dry_clean 0.76 343.00 273.42 343.00 306.31
do_not_dry_clean 0.76 343.00 278.32 343.00 309.66
do_not_dry_clean 0.53 324.91 350.00 343.00 350.00
do_not_dry_clean 0.53 327.54 350.00 343.00 350.00
do_not_dry_clean 0.53 315.78 350.00 343.00 350.00
do_not_dry_clean 0.51 313.22 350.00 343.00 350.00
do_not_dry_clean 0.50 343.00 273.88 343.00 313.48
do_not_dry_clean 0.31 329.93 350.00 343.00 350.00
do_not_dry_clean 0.25 325.09 350.00 343.00 350.00
do_not_dry_clean 0.25 318.23 350.00 343.00 350.00
do_not_dry_clean 0.22 343.00 268.89 343.00 302.15
do_not_dry_clean 0.16 343.00 274.56 343.00 311.05
do_not_dry_clean 0.11 330.61 350.00 343.00 350.00
do_not_dry_clean 0.11 322.80 350.00 343.00 350.00
do_not_dry_clean 0.11 335.02 350.00 343.00 350.00
do_not_dry_clean 0.11 334.91 350.00 343.00 350.00
do_not_dry_clean 0.11 321.55 350.00 343.00 350.00
do_not_dry_clean 0.09 310.21 350.00 343.00 350.00
do_not_dry_clean 0.09 321.15 350.00 343.00 350.00
do_not_dry_clean 0.08 315.07 350.00 343.00 350.00
