do_not_iron 0.21 351.00 295.22 351.00 319.42
do_not_iron 0.21 351.00 299.09 351.00 327.36
do_not_iron 0.21 351.00 298.44 351.00 325.85
do_not_iron 0.16 351.00 294.29 351.00 316.80
do_not_iron 0.16 351.00 295.78 351.00 321.32
do_not_iron 0.10 351.00 299.40 351.00 323.29
do_not_iron 0.08 351.00 301.31 351.00 327.34
do_not_iron 0.08 351.00 302.14 351.00 324.09
do_not_dry_clean 0.90 351.00 292.43 351.00 316.45
do_not_dry_clean 0.90 351.00 294.13 351.00 317.71
do_not_dry_clean 0.90 351.00 289.25 351.00 313.12
do_not_dry_clean 0.80 351.00 287.87 351.00 326.11
do_not_dry_clean 0.80 351.00 294.15 351.00 316.58
do_not_dry_clean 0.80 351.00 293.16 351.00 316.10
do_not_dry_clean 0.80 351.00 291.90 351.00 312.97
do_not_dry_clean 0.77 351.00 285.63 351.00 309.91
do_not_dry_clean 0.68 351.00 295.05 351.00 318.93
do_not_dry_clean 0.68 351.00 296.96 351.00 318.69
do_not_dry_clean 0.68 351.00 300.96 351.00 321.60
do_not_dry_clean 0.63 351.00 299.61 351.00 322.86
do_not_dry_clean 0.35 351.00 289.20 351.00 324.57
do_not_dry_clean 0.29 351.00 287.95 351.00 307.01
do_not_dry_clean 0.26 351.00 294.50 351.00 316.35
do_not_dry_clean 0.26 351.00 296.02 351.00 320.82
do_not_dry_clean 0.25 351.00 284.65 351.00 304.77
do_not_dry_clean 0.23 351.00 295.32 351.00 316.29
do_not_dry_clean 0.23 351.00 290.94 351.00 312.66
do_not_dry_clean 0.19 351.00 299.75 351.00 326.97
do_not_dry_clean 0.19 351.00 299.08 351.00 325.47
do_not_dry_clean 0.19 351.00 295.79 351.00 319.08
do_not_dry_clean 0.15 351.00 292.00 351.00 314.61
do_not_dry_clean 0.15 351.00 282.95 351.00 304.39
do_not_dry_clean 0.15 351.00 284.55 351.00 305.70
do_not_dry_clean 0.12 351.00 292.23 351.00 327.60
do_not_dry_clean 0.07 351.00 305.02 351.00 326.13
do_not_dry_clean 0.05 351.00 285.98 351.00 306.81
