do_not_bleach 1.00 344.27 172.98 392.68 222.35
do_not_iron 1.00 501.00 181.01 501.00 220.85
do_not_iron 1.00 497.99 181.52 501.00 224.62
do_not_iron 0.99 501.00 180.95 501.00 224.93
do_not_iron 0.99 500.87 181.06 501.00 224.14
do_not_iron 0.97 501.00 176.01 501.00 222.39
do_not_iron 0.93 501.00 182.52 501.00 221.48
do_not_iron 0.93 501.00 177.58 501.00 220.74
do_not_iron 0.93 499.93 191.43 501.00 231.74
do_not_iron 0.84 501.00 186.94 501.00 226.55
do_not_iron 0.84 501.00 184.30 501.00 223.27
do_not_iron 0.61 492.03 170.66 501.00 213.88
do_not_iron 0.16 501.00 171.67 501.00 208.92
