do_not_bleach 1.00 581.00 325.00 581.00 325.00
do_not_bleach 1.00 581.00 325.00 581.00 325.00
do_not_bleach 0.99 581.00 325.00 581.00 325.00
do_not_bleach 0.99 581.00 325.00 581.00 325.00
do_not_bleach 0.99 581.00 325.00 581.00 325.00
do_not_bleach 0.99 581.00 325.00 581.00 325.00
do_not_bleach 0.99 581.00 325.00 581.00 325.00
do_not_bleach 0.99 581.00 325.00 581.00 325.00
do_not_bleach 0.98 581.00 325.00 581.00 325.00
do_not_bleach 0.97 581.00 325.00 581.00 325.00
do_not_bleach 0.97 581.00 325.00 581.00 325.00
do_not_bleach 0.96 581.00 325.00 581.00 325.00
do_not_bleach 0.95 581.00 325.00 581.00 325.00
do_not_bleach 0.95 581.00 325.00 581.00 325.00
do_not_bleach 0.91 581.00 325.00 581.00 325.00
do_not_bleach 0.86 581.00 325.00 581.00 325.00
do_not_bleach 0.86 581.00 325.00 581.00 325.00
do_not_bleach 0.85 581.00 325.00 581.00 325.00
do_not_bleach 0.81 581.00 325.00 581.00 325.00
do_not_bleach 0.75 581.00 325.00 581.00 325.00
do_not_bleach 0.72 581.00 325.00 581.00 325.00
do_not_bleach 0.53 581.00 325.00 581.00 325.00
do_not_bleach 0.53 581.00 325.00 581.00 325.00
do_not_bleach 0.45 581.00 325.00 581.00 325.00
do_not_bleach 0.21 581.00 325.00 581.00 325.00
do_not_bleach 0.15 581.00 325.00 581.00 325.00
