do_not_bleach 0.90 528.19 449.45 550.29 467.94
do_not_bleach 0.90 176.82 263.74 198.81 284.90
do_not_bleach 0.52 175.39 252.21 195.53 271.74
do_not_bleach 0.10 538.62 451.97 561.53 472.38
do_not_iron 0.99 178.89 243.79 199.35 259.28
do_not_iron 0.98 170.66 245.97 190.01 262.90
do_not_iron 0.24 173.93 250.67 202.98 276.23
do_not_iron 0.08 169.93 260.86 190.67 278.88
do_not_iron 0.06 165.76 253.86 186.72 270.09
do_not_dry_clean 0.98 531.79 501.62 552.89 518.61
do_not_dry_clean 0.98 534.39 491.68 557.64 509.61
do_not_dry_clean 0.05 530.85 511.32 549.79 526.48
