do_not_bleach 1.00 201.19 339.00 250.25 339.00
do_not_bleach 1.00 190.47 339.00 255.17 339.00
do_not_bleach 0.99 195.32 339.00 245.60 339.00
do_not_bleach 0.99 209.40 339.00 257.79 339.00
do_not_bleach 0.99 193.75 339.00 240.43 339.00
do_not_bleach 0.99 192.71 339.00 252.12 339.00
do_not_bleach 0.99 198.33 339.00 249.25 339.00
do_not_bleach 0.99 201.39 339.00 254.40 339.00
do_not_bleach 0.98 200.05 339.00 250.07 339.00
do_not_bleach 0.98 207.42 339.00 255.78 339.00
do_not_bleach 0.98 193.47 339.00 251.21 339.00
do_not_bleach 0.98 202.00 339.00 255.95 339.00
do_not_bleach 0.98 197.69 339.00 247.71 339.00
do_not_bleach 0.97 200.52 339.00 249.07 339.00
do_not_bleach 0.94 205.35 339.00 250.84 339.00
do_not_bleach 0.89 207.21 339.00 252.62 339.00
do_not_bleach 0.84 202.35 339.00 256.79 339.00
do_not_bleach 0.84 195.97 339.00 253.61 339.00
do_not_bleach 0.37 210.64 339.00 257.98 339.00
do_not_bleach 0.08 189.97 339.00 250.28 339.00
do_not_bleach 0.08 203.31 339.00 267.03 339.00
do_not_iron 0.14 253.05 339.00 302.17 339.00
do_not_iron 0.14 256.12 339.00 307.03 339.00
do_not_iron 0.14 255.39 339.00 311.24 339.00
