do_not_bleach 0.94 217.87 351.00 252.30 351.00
do_not_bleach 0.94 215.39 351.00 248.82 351.00
do_not_bleach 0.93 216.89 351.00 250.28 351.00
do_not_bleach 0.92 210.38 351.00 244.26 351.00
do_not_bleach 0.92 213.86 351.00 246.62 351.00
do_not_bleach 0.92 219.83 351.00 251.99 351.00
do_not_bleach 0.92 213.13 351.00 255.68 351.00
do_not_bleach 0.80 216.71 351.00 246.86 351.00
do_not_bleach 0.80 222.63 351.00 255.17 351.00
do_not_bleach 0.74 211.85 351.00 240.66 351.00
do_not_bleach 0.74 217.54 351.00 250.09 351.00
do_not_bleach 0.36 208.24 351.00 255.18 351.00
do_not_bleach 0.20 217.28 351.00 245.39 351.00
do_not_bleach 0.16 216.70 351.00 249.29 351.00
do_not_bleach 0.16 217.84 351.00 262.66 351.00
do_not_bleach 0.16 225.19 351.00 259.62 351.00
do_not_dry_clean 0.99 151.80 351.00 197.96 351.00
do_not_dry_clean 0.98 151.21 351.00 187.40 351.00
do_not_dry_clean 0.98 158.49 351.00 189.26 351.00
do_not_dry_clean 0.98 149.03 351.00 186.66 351.00
do_not_dry_clean 0.98 154.50 351.00 191.27 351.00
do_not_dry_clean 0.98 151.75 351.00 182.63 351.00
do_not_dry_clean 0.97 154.58 351.00 188.54 351.00
do_not_dry_clean 0.97 149.94 351.00 185.44 351.00
do_not_dry_clean 0.97 155.84 351.00 185.09 351.00
do_not_dry_clean 0.97 156.26 351.00 187.55 351.00
do_not_dry_clean 0.77 149.45 351.00 180.43 351.00
do_not_dry_clean 0.67 154.75 351.00 187.21 351.00
do_not_dry_clean 0.67 157.54 351.00 192.00 351.00
do_not_dry_clean 0.67 159.39 351.00 194.40 351.00
do_not_dry_clean 0.56 140.07 351.00 173.20 351.00
do_not_dry_clean 0.56 154.69 351.00 188.06 351.00
do_not_dry_clean 0.24 143.78 351.00 185.37 351.00
do_not_dry_clean 0.24 147.19 351.00 195.00 351.00
do_not_dry_clean 0.16 151.17 351.00 190.59 351.00
do_not_dry_clean 0.16 157.59 351.00 196.67 351.00
do_not_dry_clean 0.11 147.96 351.00 197.70 351.00
do_not_dry_clean 0.09 151.51 351.00 186.16 351.00
do_not_dry_clean 0.09 158.64 351.00 196.40 351.00
do_not_dry_clean 0.09 157.85 351.00 192.36 351.00
