do_not_bleach 0.99 108.06 379.00 167.61 379.00
do_not_bleach 0.98 474.00 379.00 474.00 379.00
do_not_bleach 0.98 107.42 379.00 157.65 379.00
do_not_bleach 0.98 102.05 379.00 167.27 379.00
do_not_bleach 0.98 474.00 379.00 474.00 379.00
do_not_bleach 0.98 474.00 379.00 474.00 379.00
do_not_bleach 0.98 474.00 379.00 474.00 379.00
do_not_bleach 0.96 107.06 379.00 160.30 379.00
do_not_bleach 0.96 474.00 379.00 474.00 379.00
do_not_bleach 0.96 474.00 379.00 474.00 379.00
do_not_bleach 0.96 474.00 379.00 474.00 379.00
do_not_bleach 0.95 113.09 379.00 170.50 379.00
do_not_bleach 0.94 98.56 379.00 163.23 379.00
do_not_bleach 0.93 474.00 379.00 474.00 379.00
do_not_bleach 0.93 104.43 379.00 167.85 379.00
do_not_bleach 0.92 474.00 379.00 474.00 379.00
do_not_bleach 0.91 474.00 379.00 474.00 379.00
do_not_bleach 0.91 474.00 379.00 474.00 379.00
do_not_bleach 0.84 474.00 379.00 474.00 379.00
do_not_bleach 0.83 474.00 379.00 474.00 379.00
do_not_bleach 0.82 104.44 379.00 170.16 379.00
do_not_bleach 0.67 97.29 379.00 166.96 379.00
do_not_bleach 0.66 107.37 379.00 167.22 379.00
do_not_bleach 0.64 474.00 379.00 474.00 379.00
do_not_bleach 0.60 116.61 379.00 174.23 379.00
do_not_bleach 0.60 106.42 379.00 164.00 379.00
do_not_bleach 0.60 106.93 379.00 165.74 379.00
do_not_bleach 0.60 113.55 379.00 165.28 379.00
do_not_bleach 0.60 104.69 379.00 157.05 379.00
do_not_bleach 0.58 100.24 379.00 167.12 379.00
do_not_bleach 0.52 474.00 379.00 474.00 379.00
do_not_bleach 0.52 474.00 379.00 474.00 379.00
do_not_bleach 0.41 115.11 379.00 166.53 379.00
do_not_bleach 0.31 96.51 379.00 166.89 379.00
do_not_bleach 0.31 474.00 379.00 474.00 379.00
do_not_bleach 0.23 474.00 379.00 474.00 379.00
do_not_bleach 0.22 474.00 379.00 474.00 379.00
do_not_bleach 0.19 474.00 379.00 474.00 379.00
do_not_bleach 0.16 106.72 379.00 155.43 379.00
do_not_bleach 0.11 93.43 379.00 155.92 379.00
do_not_bleach 0.10 474.00 379.00 474.00 379.00
do_not_bleach 0.10 474.00 379.00 474.00 379.00
do_not_bleach 0.06 98.95 379.00 154.40 379.00
do_not_iron 0.99 228.58 379.00 280.32 379.00
do_not_iron 0.99 230.39 379.00 277.13 379.00
do_not_iron 0.98 219.11 379.00 273.25 379.00
do_not_iron 0.98 222.23 379.00 280.37 379.00
do_not_iron 0.98 474.00 379.00 474.00 379.00
do_not_iron 0.98 474.00 379.00 474.00 379.00
do_not_iron 0.98 226.22 379.00 268.48 379.00
do_not_iron 0.98 224.61 379.00 271.91 379.00
do_not_iron 0.97 474.00 379.00 474.00 379.00
do_not_iron 0.97 474.00 379.00 474.00 379.00
do_not_iron 0.97 228.42 379.00 279.36 379.00
do_not_iron 0.97 220.44 379.00 277.46 379.00
do_not_iron 0.97 226.70 379.00 268.06 379.00
do_not_iron 0.96 224.99 379.00 282.87 379.00
do_not_iron 0.96 225.66 379.00 278.15 379.00
do_not_iron 0.96 474.00 379.00 474.00 379.00
do_not_iron 0.95 225.22 379.00 276.39 379.00
do_not_iron 0.94 474.00 379.00 474.00 379.00
do_not_iron 0.93 474.00 379.00 474.00 379.00
do_not_iron 0.92 474.00 379.00 474.00 379.00
do_not_iron 0.92 474.00 379.00 474.00 379.00
do_not_iron 0.88 474.00 379.00 474.00 379.00
do_not_iron 0.84 474.00 379.00 474.00 379.00
do_not_iron 0.84 222.96 379.00 272.97 379.00
do_not_iron 0.84 224.58 379.00 278.32 379.00
do_not_iron 0.81 474.00 379.00 474.00 379.00
do_not_iron 0.80 474.00 379.00 474.00 379.00
do_not_iron 0.78 474.00 379.00 474.00 379.00
do_not_iron 0.72 217.52 379.00 276.37 379.00
do_not_iron 0.67 229.93 379.00 283.41 379.00
do_not_iron 0.67 221.37 379.00 271.92 379.00
do_not_iron 0.64 474.00 379.00 474.00 379.00
do_not_iron 0.64 474.00 379.00 474.00 379.00
do_not_iron 0.63 474.00 379.00 474.00 379.00
do_not_iron 0.51 222.52 379.00 270.38 379.00
do_not_iron 0.49 212.48 379.00 269.02 379.00
do_not_iron 0.46 474.00 379.00 474.00 379.00
do_not_iron 0.36 223.72 379.00 284.49 379.00
do_not_iron 0.32 231.14 379.00 281.05 379.00
do_not_iron 0.19 228.76 379.00 284.91 379.00
do_not_iron 0.18 214.61 379.00 267.69 379.00
do_not_iron 0.18 222.43 379.00 274.51 379.00
do_not_iron 0.10 233.07 379.00 287.73 379.00
do_not_iron 0.10 234.81 379.00 281.95 379.00
