do_not_wash 0.49 38.74 370.06 90.96 419.16
do_not_wash 0.07 356.89 378.84 402.08 409.16
do_not_bleach 0.10 360.96 371.75 398.67 405.06
do_not_iron 1.00 501.00 187.41 501.00 229.68
do_not_iron 0.99 201.49 186.01 244.65 224.96
do_not_iron 0.99 501.00 186.24 501.00 224.94
do_not_iron 0.98 501.00 187.39 501.00 227.01
do_not_iron 0.98 501.00 182.01 501.00 218.08
do_not_iron 0.98 501.00 182.59 501.00 230.41
do_not_iron 0.98 501.00 188.52 501.00 230.08
do_not_iron 0.98 501.00 191.05 501.00 227.83
do_not_iron 0.98 501.00 194.30 501.00 235.93
do_not_iron 0.98 501.00 185.42 501.00 225.33
do_not_iron 0.98 501.00 187.22 501.00 218.08
do_not_iron 0.95 501.00 189.92 501.00 230.64
do_not_iron 0.92 501.00 184.20 501.00 221.53
do_not_iron 0.91 501.00 182.14 501.00 228.40
do_not_iron 0.91 501.00 184.40 501.00 222.35
do_not_iron 0.90 501.00 181.97 501.00 226.71
do_not_iron 0.89 501.00 191.50 501.00 231.64
do_not_iron 0.81 501.00 190.26 501.00 232.85
do_not_iron 0.57 501.00 180.95 501.00 221.07
do_not_iron 0.57 501.00 176.01 501.00 217.35
do_not_iron 0.55 501.00 192.16 501.00 228.83
do_not_iron 0.38 43.88 369.34 94.38 416.00
do_not_iron 0.37 347.58 173.84 399.32 222.42
do_not_iron 0.29 37.58 180.89 90.60 230.17
do_not_iron 0.13 501.00 175.94 501.00 224.73
do_not_iron 0.13 501.00 184.69 501.00 221.93
do_not_iron 0.09 501.00 175.18 501.00 218.16
do_not_iron 0.07 501.00 176.67 501.00 217.67
do_not_iron 0.06 361.25 369.93 399.19 404.48
do_not_iron 0.05 501.00 179.18 501.00 228.16
