do_not_bleach 0.98 82.64 246.45 118.58 284.08
do_not_bleach 0.98 383.00 261.30 383.00 299.01
do_not_bleach 0.97 383.00 261.64 383.00 302.12
do_not_bleach 0.97 383.00 265.46 383.00 302.30
do_not_bleach 0.97 383.00 260.85 383.00 309.28
do_not_bleach 0.94 383.00 259.00 383.00 304.62
do_not_bleach 0.66 383.00 263.39 383.00 295.85
do_not_bleach 0.66 383.00 262.29 383.00 299.20
do_not_bleach 0.41 383.00 255.87 383.00 301.46
do_not_bleach 0.34 383.00 265.89 383.00 300.15
do_not_bleach 0.27 383.00 270.87 383.00 316.13
do_not_bleach 0.18 383.00 263.60 383.00 297.24
do_not_bleach 0.12 383.00 261.17 383.00 310.66
do_not_bleach 0.12 383.00 251.53 383.00 291.41
do_not_bleach 0.11 383.00 259.85 383.00 304.00
do_not_bleach 0.11 383.00 253.73 383.00 301.23
do_not_bleach 0.10 383.00 257.24 383.00 300.78
do_not_bleach 0.08 96.39 239.84 149.23 284.92
do_not_bleach 0.07 383.00 267.90 383.00 306.46
do_not_bleach 0.06 383.00 262.78 383.00 299.50
do_not_bleach 0.06 383.00 260.04 383.00 297.75
do_not_bleach 0.06 383.00 249.69 383.00 290.24
do_not_iron 0.99 126.03 249.00 159.10 283.38
do_not_iron 0.99 383.00 263.55 383.00 297.98
do_not_iron 0.99 383.00 257.62 383.00 301.38
do_not_iron 0.99 383.00 263.22 383.00 299.47
do_not_iron 0.98 383.00 271.09 383.00 309.16
do_not_iron 0.98 383.00 262.66 383.00 302.04
do_not_iron 0.98 383.00 263.38 383.00 297.80
do_not_iron 0.98 383.00 264.16 383.00 301.21
do_not_iron 0.96 383.00 266.76 383.00 302.14
do_not_iron 0.95 383.00 263.45 383.00 302.85
do_not_iron 0.94 383.00 259.16 383.00 302.62
do_not_iron 0.94 383.00 258.35 383.00 292.24
do_not_iron 0.92 383.00 259.99 383.00 297.87
do_not_iron 0.91 383.00 261.71 383.00 298.39
do_not_iron 0.86 383.00 262.81 383.00 304.71
do_not_iron 0.76 383.00 261.09 383.00 298.83
do_not_iron 0.76 383.00 271.02 383.00 309.77
do_not_iron 0.76 383.00 274.13 383.00 315.31
do_not_iron 0.48 383.00 263.03 383.00 300.47
do_not_iron 0.46 383.00 256.84 383.00 299.83
do_not_iron 0.34 383.00 268.01 383.00 308.91
do_not_iron 0.26 383.00 259.07 383.00 304.98
do_not_iron 0.21 383.00 256.46 383.00 290.93
do_not_iron 0.18 383.00 269.62 383.00 308.54
do_not_iron 0.18 383.00 258.08 383.00 295.45
do_not_iron 0.16 383.00 262.89 383.00 299.19
do_not_iron 0.07 383.00 253.55 383.00 299.63
