do_not_bleach 0.99 283.09 555.00 341.66 555.00
do_not_bleach 0.99 277.95 555.00 331.32 555.00
do_not_bleach 0.99 279.74 555.00 334.28 555.00
do_not_bleach 0.99 276.97 555.00 339.62 555.00
do_not_bleach 0.98 279.49 555.00 340.21 555.00
do_not_bleach 0.96 281.39 555.00 330.10 555.00
do_not_bleach 0.96 275.95 555.00 340.80 555.00
do_not_bleach 0.70 290.67 555.00 344.10 555.00
do_not_bleach 0.69 278.28 555.00 343.08 555.00
do_not_bleach 0.63 286.32 555.00 339.05 555.00
do_not_bleach 0.59 284.96 555.00 339.68 555.00
do_not_bleach 0.32 272.93 555.00 328.79 555.00
do_not_bleach 0.22 285.48 555.00 343.50 555.00
do_not_bleach 0.19 268.95 555.00 327.30 555.00
do_not_bleach 0.17 276.65 555.00 327.61 555.00
do_not_bleach 0.17 272.79 555.00 321.98 555.00
do_not_bleach 0.10 281.60 555.00 342.59 555.00
do_not_bleach 0.06 289.70 555.00 355.96 555.00
do_not_bleach 0.05 288.86 555.00 345.57 555.00
do_not_iron 0.99 392.00 555.00 392.00 555.00
do_not_iron 0.99 392.00 555.00 392.00 555.00
do_not_iron 0.99 392.00 555.00 392.00 555.00
do_not_iron 0.98 392.00 555.00 392.00 555.00
do_not_iron 0.98 392.00 555.00 392.00 555.00
do_not_iron 0.97 392.00 555.00 392.00 555.00
do_not_iron 0.97 392.00 555.00 392.00 555.00
do_not_iron 0.96 392.00 555.00 392.00 555.00
do_not_iron 0.96 392.00 555.00 392.00 555.00
do_not_iron 0.96 392.00 555.00 392.00 555.00
do_not_iron 0.96 392.00 555.00 392.00 555.00
do_not_iron 0.96 392.00 555.00 392.00 555.00
do_not_iron 0.96 392.00 555.00 392.00 555.00
do_not_iron 0.96 392.00 555.00 392.00 555.00
do_not_iron 0.93 392.00 555.00 392.00 555.00
do_not_iron 0.92 392.00 555.00 392.00 555.00
do_not_iron 0.90 392.00 555.00 392.00 555.00
do_not_iron 0.90 390.48 555.00 392.00 555.00
do_not_iron 0.80 392.00 555.00 392.00 555.00
do_not_iron 0.75 392.00 555.00 392.00 555.00
do_not_iron 0.60 392.00 555.00 392.00 555.00
do_not_iron 0.46 392.00 555.00 392.00 555.00
do_not_iron 0.21 392.00 555.00 392.00 555.00
do_not_iron 0.07 392.00 555.00 392.00 555.00
do_not_iron 0.07 392.00 555.00 392.00 555.00
do_not_iron 0.06 392.00 555.00 392.00 555.00
