do_not_bleach 1.00 147.09 555.00 196.39 555.00
do_not_bleach 1.00 141.49 555.00 195.65 555.00
do_not_bleach 1.00 148.55 555.00 193.40 555.00
do_not_bleach 0.99 146.23 555.00 206.17 555.00
do_not_bleach 0.99 142.48 555.00 200.31 555.00
do_not_bleach 0.98 148.14 555.00 191.93 555.00
do_not_bleach 0.98 147.05 555.00 198.98 555.00
do_not_bleach 0.98 145.14 555.00 193.89 555.00
do_not_bleach 0.98 143.81 555.00 192.74 555.00
do_not_bleach 0.98 145.08 555.00 202.50 555.00
do_not_bleach 0.94 143.25 555.00 191.90 555.00
do_not_bleach 0.94 142.84 555.00 197.04 555.00
do_not_bleach 0.91 145.47 555.00 201.39 555.00
do_not_bleach 0.91 144.17 555.00 190.61 555.00
do_not_bleach 0.86 142.49 555.00 201.31 555.00
do_not_bleach 0.84 143.29 555.00 191.58 555.00
do_not_bleach 0.80 147.96 555.00 196.91 555.00
do_not_bleach 0.78 136.13 555.00 193.17 555.00
do_not_bleach 0.78 144.35 555.00 197.69 555.00
do_not_bleach 0.78 136.91 555.00 200.00 555.00
do_not_bleach 0.77 143.85 555.00 193.97 555.00
do_not_bleach 0.41 141.75 555.00 192.24 555.00
do_not_bleach 0.37 141.18 555.00 201.92 555.00
do_not_bleach 0.17 139.99 555.00 185.08 555.00
do_not_bleach 0.08 138.51 555.00 196.81 555.00
do_not_bleach 0.08 248.21 555.00 305.66 555.00
do_not_bleach 0.08 250.51 555.00 302.98 555.00
do_not_bleach 0.07 137.94 555.00 194.84 555.00
do_not_iron 0.99 254.27 555.00 313.81 555.00
do_not_iron 0.99 258.70 555.00 304.95 555.00
do_not_iron 0.99 253.60 555.00 300.96 555.00
do_not_iron 0.99 255.08 555.00 307.28 555.00
do_not_iron 0.98 251.79 555.00 297.35 555.00
do_not_iron 0.98 256.05 555.00 310.62 555.00
do_not_iron 0.98 247.87 555.00 307.51 555.00
do_not_iron 0.97 248.96 555.00 308.77 555.00
do_not_iron 0.97 256.90 555.00 310.36 555.00
do_not_iron 0.96 254.18 555.00 315.23 555.00
do_not_iron 0.94 261.70 555.00 314.44 555.00
do_not_iron 0.93 256.10 555.00 310.23 555.00
do_not_iron 0.93 247.52 555.00 312.56 555.00
do_not_iron 0.92 242.29 555.00 311.57 555.00
do_not_iron 0.90 251.40 555.00 305.09 555.00
do_not_iron 0.89 254.22 555.00 304.03 555.00
do_not_iron 0.87 258.36 555.00 310.37 555.00
do_not_iron 0.85 251.35 555.00 309.33 555.00
do_not_iron 0.84 254.16 555.00 308.33 555.00
do_not_iron 0.55 247.13 555.00 305.50 555.00
do_not_iron 0.55 249.53 555.00 302.83 555.00
do_not_iron 0.48 254.25 555.00 300.72 555.00
do_not_iron 0.48 254.48 555.00 298.25 555.00
do_not_iron 0.48 242.81 555.00 300.84 555.00
do_not_iron 0.23 167.18 84.37 393.00 312.99
do_not_iron 0.19 241.82 555.00 296.85 555.00
do_not_iron 0.17 242.69 555.00 302.66 555.00
do_not_iron 0.07 269.23 555.00 311.60 555.00
do_not_iron 0.06 242.98 555.00 312.36 555.00
do_not_iron 0.06 260.81 555.00 317.18 555.00
do_not_dry_clean 0.05 393.00 82.75 393.00 197.29
