do_not_bleach 1.00 370.55 1.00 410.41 47.42
do_not_bleach 0.99 63.53 539.00 104.79 539.00
do_not_bleach 0.98 62.41 539.00 104.79 539.00
do_not_bleach 0.98 59.08 539.00 110.60 539.00
do_not_bleach 0.97 60.84 539.00 98.81 539.00
do_not_bleach 0.96 54.09 539.00 106.71 539.00
do_not_bleach 0.96 63.46 539.00 104.49 539.00
do_not_bleach 0.94 60.36 539.00 104.45 539.00
do_not_bleach 0.65 65.42 539.00 110.08 539.00
do_not_bleach 0.38 64.39 539.00 103.85 539.00
do_not_bleach 0.23 64.08 539.00 103.43 539.00
do_not_bleach 0.22 47.06 539.00 105.35 539.00
do_not_bleach 0.13 52.84 539.00 110.89 539.00
do_not_bleach 0.10 63.16 539.00 103.47 539.00
do_not_bleach 0.10 58.69 539.00 99.71 539.00
do_not_bleach 0.10 51.37 539.00 83.58 539.00
do_not_bleach 0.06 70.67 539.00 113.90 539.00
do_not_bleach 0.06 79.97 539.00 111.00 539.00
do_not_dry_clean 0.99 156.52 539.00 196.76 539.00
do_not_dry_clean 0.99 153.57 539.00 194.97 539.00
do_not_dry_clean 0.99 160.56 539.00 198.99 539.00
do_not_dry_clean 0.99 457.31 10.43 496.20 53.57
do_not_dry_clean 0.99 155.23 539.00 192.04 539.00
do_not_dry_clean 0.99 149.51 539.00 200.81 539.00
do_not_dry_clean 0.96 147.79 539.00 204.31 539.00
do_not_dry_clean 0.96 149.74 538.66 198.02 539.00
do_not_dry_clean 0.93 163.71 539.00 199.60 539.00
do_not_dry_clean 0.93 160.38 539.00 194.71 539.00
do_not_dry_clean 0.90 158.57 539.00 195.86 539.00
do_not_dry_clean 0.90 162.49 539.00 203.94 539.00
do_not_dry_clean 0.65 152.49 539.00 195.04 539.00
do_not_dry_clean 0.64 148.85 539.00 195.07 539.00
do_not_dry_clean 0.52 160.44 539.00 203.40 539.00
do_not_dry_clean 0.47 144.28 536.78 188.07 539.00
do_not_dry_clean 0.47 154.26 539.00 196.55 539.00
do_not_dry_clean 0.38 154.79 539.00 210.71 539.00
do_not_dry_clean 0.28 146.54 539.00 202.57 539.00
do_not_dry_clean 0.21 163.43 539.00 204.90 539.00
do_not_dry_clean 0.16 146.99 539.00 210.68 539.00
do_not_dry_clean 0.09 173.30 539.00 207.08 539.00
