do_not_dry_clean 0.96 136.97 313.00 210.56 313.00
do_not_dry_clean 0.95 131.25 313.00 209.42 313.00
do_not_dry_clean 0.92 143.35 313.00 201.39 313.00
do_not_dry_clean 0.92 132.97 313.00 208.35 313.00
do_not_dry_clean 0.86 145.73 313.00 209.19 313.00
do_not_dry_clean 0.76 138.26 313.00 206.08 313.00
do_not_dry_clean 0.73 132.87 313.00 206.44 313.00
do_not_dry_clean 0.52 133.56 313.00 200.35 313.00
do_not_dry_clean 0.51 140.04 313.00 209.33 313.00
do_not_dry_clean 0.45 138.85 313.00 207.33 313.00
do_not_dry_clean 0.23 138.14 313.00 202.99 313.00
do_not_dry_clean 0.05 136.45 313.00 205.57 313.00
do_not_dry_clean 0.05 139.31 313.00 201.87 313.00
