do_not_iron 0.99 68.37 515.00 152.02 515.00
do_not_iron 0.98 75.31 515.00 156.28 515.00
do_not_iron 0.98 82.53 515.00 149.59 515.00
do_not_iron 0.98 68.80 515.00 143.16 515.00
do_not_iron 0.97 69.53 515.00 153.84 515.00
do_not_iron 0.97 70.41 515.00 146.25 515.00
do_not_iron 0.97 60.47 515.00 154.48 515.00
do_not_iron 0.94 76.98 515.00 153.93 515.00
do_not_iron 0.94 74.95 515.00 147.78 515.00
do_not_iron 0.88 74.92 515.00 158.82 515.00
do_not_iron 0.84 71.68 515.00 147.17 515.00
do_not_iron 0.43 69.88 515.00 141.37 515.00
do_not_iron 0.37 68.57 515.00 137.11 515.00
do_not_iron 0.34 80.24 515.00 152.99 515.00
do_not_iron 0.34 81.92 515.00 154.26 515.00
do_not_iron 0.28 68.26 515.00 149.51 515.00
do_not_iron 0.26 74.43 515.00 137.81 515.00
do_not_iron 0.07 65.27 515.00 152.19 515.00
