do_not_bleach 0.99 365.29 13.12 407.27 60.94
do_not_bleach 0.97 73.78 539.00 115.16 539.00
do_not_bleach 0.97 64.90 539.00 107.42 539.00
do_not_bleach 0.96 73.38 539.00 114.48 539.00
do_not_bleach 0.82 60.28 539.00 108.05 539.00
do_not_bleach 0.82 70.27 539.00 117.07 539.00
do_not_bleach 0.76 77.09 539.00 122.71 539.00
do_not_bleach 0.76 72.41 539.00 113.95 539.00
do_not_bleach 0.46 72.06 539.00 109.02 539.00
do_not_bleach 0.30 60.00 539.00 128.59 539.00
do_not_bleach 0.24 64.28 539.00 108.38 539.00
do_not_bleach 0.10 56.50 539.00 116.69 539.00
do_not_bleach 0.08 71.68 539.00 106.28 539.00
do_not_iron 1.00 412.64 21.87 452.47 65.52
do_not_iron 0.99 113.81 539.00 152.79 539.00
do_not_iron 0.99 117.84 539.00 159.94 539.00
do_not_iron 0.98 120.35 539.00 160.39 539.00
do_not_iron 0.81 127.16 539.00 165.01 539.00
do_not_iron 0.81 123.21 539.00 161.67 539.00
do_not_iron 0.48 105.39 539.00 147.88 539.00
do_not_iron 0.48 113.32 539.00 152.37 539.00
do_not_iron 0.40 117.91 539.00 177.24 539.00
do_not_iron 0.36 93.87 539.00 157.31 539.00
do_not_iron 0.11 129.42 539.00 165.62 539.00
do_not_iron 0.08 138.88 539.00 198.15 539.00
do_not_dry_clean 1.00 463.99 25.78 503.15 68.83
do_not_dry_clean 0.98 166.20 539.00 206.29 539.00
do_not_dry_clean 0.97 168.58 539.00 209.85 539.00
do_not_dry_clean 0.94 158.84 539.00 199.89 539.00
do_not_dry_clean 0.94 166.21 539.00 206.05 539.00
do_not_dry_clean 0.85 161.97 539.00 213.90 539.00
do_not_dry_clean 0.84 172.03 539.00 205.96 539.00
do_not_dry_clean 0.81 172.37 539.00 213.57 539.00
do_not_dry_clean 0.58 163.95 539.00 208.88 539.00
do_not_dry_clean 0.41 153.60 539.00 197.13 539.00
do_not_dry_clean 0.39 172.60 539.00 219.13 539.00
do_not_dry_clean 0.27 163.28 539.00 222.35 539.00
do_not_dry_clean 0.23 166.21 539.00 227.73 539.00
do_not_dry_clean 0.17 138.07 539.00 197.96 539.00
do_not_dry_clean 0.16 175.46 539.00 213.23 539.00
do_not_dry_clean 0.13 172.02 539.00 205.99 539.00
do_not_dry_clean 0.09 449.01 16.88 486.27 54.54
do_not_dry_clean 0.07 184.65 539.00 223.22 539.00
do_not_dry_clean 0.07 175.29 539.00 216.25 539.00
