do_not_wash 0.99 571.00 289.00 571.00 289.00
do_not_wash 0.99 571.00 256.81 571.00 289.00
do_not_wash 0.99 571.00 257.16 571.00 289.00
do_not_wash 0.99 571.00 121.18 571.00 217.16
do_not_wash 0.99 571.00 251.00 571.00 289.00
do_not_wash 0.98 571.00 289.00 571.00 289.00
do_not_wash 0.97 571.00 251.64 571.00 289.00
do_not_wash 0.96 571.00 253.86 571.00 289.00
do_not_wash 0.96 571.00 115.98 571.00 218.18
do_not_wash 0.96 571.00 289.00 571.00 289.00
do_not_wash 0.95 571.00 259.09 571.00 289.00
do_not_wash 0.95 571.00 123.85 571.00 221.45
do_not_wash 0.93 571.00 289.00 571.00 289.00
do_not_wash 0.93 571.00 252.99 571.00 289.00
do_not_wash 0.92 571.00 289.00 571.00 289.00
do_not_wash 0.90 571.00 257.58 571.00 289.00
do_not_wash 0.89 571.00 121.77 571.00 220.02
do_not_wash 0.89 571.00 127.73 571.00 216.68
do_not_wash 0.89 571.00 114.58 571.00 216.05
do_not_wash 0.87 571.00 251.11 571.00 289.00
do_not_wash 0.80 571.00 248.17 571.00 289.00
do_not_wash 0.76 571.00 250.54 571.00 289.00
do_not_wash 0.74 571.00 289.00 571.00 289.00
do_not_wash 0.73 571.00 289.00 571.00 289.00
do_not_wash 0.70 571.00 125.91 571.00 212.27
do_not_wash 0.64 571.00 118.39 571.00 220.55
do_not_wash 0.64 571.00 123.68 571.00 206.36
do_not_wash 0.60 571.00 117.52 571.00 218.35
do_not_wash 0.56 571.00 118.39 571.00 224.10
do_not_wash 0.50 571.00 128.11 571.00 208.37
do_not_wash 0.47 571.00 122.25 571.00 207.50
do_not_wash 0.40 571.00 253.24 571.00 289.00
do_not_wash 0.36 571.00 247.21 571.00 289.00
do_not_wash 0.31 571.00 113.31 571.00 230.35
do_not_wash 0.30 571.00 265.70 571.00 289.00
do_not_wash 0.29 571.00 289.00 571.00 289.00
do_not_wash 0.27 571.00 256.66 571.00 289.00
do_not_wash 0.23 571.00 289.00 571.00 289.00
do_not_wash 0.22 571.00 289.00 571.00 289.00
do_not_wash 0.20 571.00 253.93 571.00 289.00
do_not_wash 0.17 571.00 289.00 571.00 289.00
do_not_wash 0.13 571.00 247.02 571.00 289.00
do_not_wash 0.11 571.00 289.00 571.00 289.00
do_not_wash 0.11 571.00 289.00 571.00 289.00
do_not_wash 0.11 571.00 256.44 571.00 289.00
do_not_wash 0.11 571.00 124.28 571.00 289.00
do_not_wash 0.11 571.00 256.13 571.00 289.00
do_not_wash 0.11 571.00 117.99 571.00 200.65
do_not_wash 0.10 571.00 127.96 571.00 208.60
do_not_wash 0.09 571.00 289.00 571.00 289.00
do_not_wash 0.09 571.00 289.00 571.00 289.00
do_not_wash 0.09 571.00 289.00 571.00 289.00
do_not_wash 0.08 571.00 289.00 571.00 289.00
do_not_wash 0.08 571.00 289.00 571.00 289.00
do_not_wash 0.07 571.00 253.28 571.00 289.00
do_not_wash 0.07 571.00 115.15 571.00 222.01
do_not_wash 0.07 571.00 122.62 571.00 289.00
do_not_wash 0.06 571.00 274.06 571.00 289.00
do_not_wash 0.06 571.00 255.75 571.00 289.00
do_not_wash 0.06 571.00 253.00 571.00 289.00
do_not_wash 0.05 571.00 134.51 571.00 225.31
