do_not_iron 1.00 551.00 312.00 551.00 312.00
do_not_iron 1.00 551.00 312.00 551.00 312.00
do_not_iron 0.99 551.00 312.00 551.00 312.00
do_not_iron 0.99 551.00 312.00 551.00 312.00
do_not_iron 0.99 551.00 312.00 551.00 312.00
do_not_iron 0.98 551.00 312.00 551.00 312.00
do_not_iron 0.97 550.02 312.00 551.00 312.00
do_not_iron 0.89 551.00 312.00 551.00 312.00
do_not_iron 0.81 551.00 312.00 551.00 312.00
do_not_iron 0.69 551.00 312.00 551.00 312.00
do_not_iron 0.64 551.00 312.00 551.00 312.00
do_not_iron 0.51 538.60 312.00 551.00 312.00
do_not_iron 0.51 551.00 312.00 551.00 312.00
do_not_iron 0.30 551.00 312.00 551.00 312.00
do_not_iron 0.27 551.00 312.00 551.00 312.00
do_not_iron 0.24 551.00 312.00 551.00 312.00
do_not_iron 0.18 551.00 312.00 551.00 312.00
do_not_iron 0.18 551.00 312.00 551.00 312.00
do_not_iron 0.18 551.00 312.00 551.00 312.00
do_not_iron 0.17 551.00 312.00 551.00 312.00
do_not_iron 0.13 551.00 312.00 551.00 312.00
do_not_iron 0.08 551.00 312.00 551.00 312.00
do_not_iron 0.06 551.00 312.00 551.00 312.00
do_not_iron 0.06 551.00 312.00 551.00 312.00
