do_not_wash 0.99 347.78 154.21 389.06 183.42
do_not_wash 0.99 89.49 147.09 126.88 180.34
do_not_wash 0.12 346.96 145.52 378.88 166.57
do_not_wash 0.05 107.57 142.31 135.62 170.74
do_not_bleach 0.99 386.64 221.24 432.31 262.35
do_not_bleach 0.06 82.24 206.84 125.25 258.56
do_not_iron 0.99 370.24 562.78 402.39 590.34
do_not_iron 0.99 104.44 561.22 135.66 590.85
do_not_iron 0.11 92.66 558.04 118.84 584.46
do_not_dry_clean 0.99 47.65 690.74 87.62 732.23
do_not_dry_clean 0.99 154.76 701.50 186.21 732.18
do_not_dry_clean 0.16 171.52 705.97 201.33 733.30
