do_not_wash 0.99 67.79 742.00 127.98 742.00
do_not_wash 0.98 76.71 742.00 124.50 742.00
do_not_wash 0.97 75.42 742.00 131.43 742.00
do_not_wash 0.97 73.73 742.00 121.68 742.00
do_not_wash 0.97 65.99 742.00 119.52 742.00
do_not_wash 0.96 76.98 741.11 126.50 742.00
do_not_wash 0.95 77.03 742.00 124.64 742.00
do_not_wash 0.93 68.49 742.00 116.26 742.00
do_not_wash 0.85 68.83 742.00 126.79 742.00
do_not_wash 0.63 77.28 742.00 122.13 742.00
do_not_wash 0.55 86.44 742.00 127.62 742.00
do_not_wash 0.14 72.38 742.00 117.04 742.00
do_not_wash 0.13 64.96 742.00 125.61 742.00
do_not_wash 0.10 83.23 742.00 134.39 742.00
do_not_wash 0.06 80.88 742.00 127.44 742.00
