do_not_bleach 0.99 70.28 539.00 110.52 539.00
do_not_bleach 0.99 67.66 539.00 106.60 539.00
do_not_bleach 0.99 68.45 539.00 114.44 539.00
do_not_bleach 0.99 373.27 142.26 413.68 190.08
do_not_bleach 0.98 68.25 539.00 109.17 539.00
do_not_bleach 0.98 66.36 539.00 110.87 539.00
do_not_bleach 0.96 67.75 539.00 116.52 539.00
do_not_bleach 0.96 67.83 539.00 106.32 539.00
do_not_bleach 0.93 61.03 539.00 103.06 539.00
do_not_bleach 0.84 61.34 539.00 102.24 539.00
do_not_bleach 0.77 67.95 539.00 109.66 539.00
do_not_bleach 0.77 59.04 539.00 100.35 539.00
do_not_bleach 0.77 62.24 539.00 103.18 539.00
do_not_bleach 0.62 61.51 539.00 112.64 539.00
do_not_bleach 0.52 57.11 539.00 107.14 539.00
do_not_bleach 0.42 73.75 539.00 115.32 539.00
do_not_bleach 0.41 65.33 539.00 119.06 539.00
do_not_bleach 0.30 60.27 539.00 111.62 539.00
do_not_bleach 0.13 85.84 537.93 141.46 539.00
do_not_bleach 0.06 89.33 539.00 150.40 539.00
do_not_iron 1.00 114.52 539.00 154.58 539.00
do_not_iron 1.00 119.30 539.00 160.27 539.00
do_not_iron 0.99 111.48 539.00 155.52 539.00
do_not_iron 0.99 113.66 539.00 153.65 539.00
do_not_iron 0.99 115.25 539.00 155.64 539.00
do_not_iron 0.99 418.67 137.12 452.66 179.46
do_not_iron 0.98 111.33 539.00 154.97 539.00
do_not_iron 0.85 108.65 539.00 156.36 539.00
do_not_iron 0.83 111.87 539.00 149.64 539.00
do_not_iron 0.79 115.32 539.00 163.90 539.00
do_not_iron 0.46 91.05 539.00 152.03 539.00
do_not_iron 0.39 118.34 539.00 155.73 539.00
do_not_iron 0.39 123.20 539.00 157.85 539.00
do_not_iron 0.14 88.44 537.87 145.38 539.00
do_not_dry_clean 1.00 464.60 141.15 501.69 185.85
do_not_dry_clean 0.99 161.94 539.00 210.73 539.00
do_not_dry_clean 0.99 163.93 539.00 203.09 539.00
do_not_dry_clean 0.99 154.10 539.00 213.50 539.00
do_not_dry_clean 0.99 157.38 539.00 195.11 539.00
do_not_dry_clean 0.99 163.28 539.00 202.84 539.00
do_not_dry_clean 0.99 164.75 539.00 201.15 539.00
do_not_dry_clean 0.99 160.79 539.00 203.13 539.00
do_not_dry_clean 0.99 168.38 539.00 208.36 539.00
do_not_dry_clean 0.98 165.79 539.00 201.23 539.00
do_not_dry_clean 0.98 158.24 539.00 201.63 539.00
do_not_dry_clean 0.95 159.25 539.00 200.37 539.00
do_not_dry_clean 0.94 171.93 539.00 207.39 539.00
do_not_dry_clean 0.94 168.09 539.00 204.36 539.00
do_not_dry_clean 0.88 158.34 539.00 208.52 539.00
do_not_dry_clean 0.63 171.00 539.00 207.51 539.00
do_not_dry_clean 0.56 139.92 539.00 198.06 539.00
do_not_dry_clean 0.53 172.36 539.00 211.86 539.00
do_not_dry_clean 0.41 159.39 539.00 207.66 539.00
do_not_dry_clean 0.41 136.82 539.00 192.14 539.00
do_not_dry_clean 0.24 154.78 539.00 215.44 539.00
do_not_dry_clean 0.05 419.00 136.71 470.71 184.50
