do_not_wash 0.99 635.24 334.00 659.00 334.00
do_not_wash 0.99 636.89 122.90 659.00 220.68
do_not_wash 0.99 639.17 259.10 659.00 334.00
do_not_wash 0.98 641.47 334.00 659.00 334.00
do_not_wash 0.96 638.22 334.00 659.00 334.00
do_not_wash 0.96 653.55 119.34 659.00 209.28
do_not_wash 0.95 640.19 334.00 659.00 334.00
do_not_wash 0.92 627.47 334.00 659.00 334.00
do_not_wash 0.90 637.67 334.00 659.00 334.00
do_not_wash 0.82 630.74 334.00 659.00 334.00
do_not_wash 0.81 640.66 334.00 659.00 334.00
do_not_wash 0.69 650.13 334.00 659.00 334.00
do_not_wash 0.53 626.79 334.00 659.00 334.00
do_not_wash 0.31 639.50 334.00 659.00 334.00
do_not_wash 0.25 658.63 334.00 659.00 334.00
do_not_wash 0.21 659.00 258.20 659.00 334.00
do_not_wash 0.16 640.22 334.00 659.00 334.00
do_not_wash 0.16 643.39 334.00 659.00 334.00
do_not_wash 0.15 629.09 334.00 659.00 334.00
do_not_wash 0.13 659.00 122.98 659.00 211.53
do_not_wash 0.12 647.76 334.00 659.00 334.00
do_not_wash 0.11 659.00 334.00 659.00 334.00
do_not_wash 0.09 638.74 334.00 659.00 334.00
do_not_wash 0.09 618.23 334.00 659.00 334.00
do_not_wash 0.06 644.09 334.00 659.00 334.00
