do_not_bleach 0.99 69.05 196.62 99.61 228.20
do_not_iron 1.00 179.64 195.87 205.00 222.44
do_not_iron 0.09 138.25 194.23 169.41 225.67
do_not_dry_clean 0.97 205.00 198.88 205.00 224.12
do_not_dry_clean 0.97 205.00 200.66 205.00 228.37
do_not_dry_clean 0.97 205.00 201.36 205.00 224.35
do_not_dry_clean 0.97 205.00 194.42 205.00 227.19
do_not_dry_clean 0.97 205.00 194.40 205.00 225.18
do_not_dry_clean 0.97 205.00 198.19 205.00 225.64
do_not_dry_clean 0.96 205.00 196.78 205.00 222.38
do_not_dry_clean 0.96 205.00 198.00 205.00 225.32
do_not_dry_clean 0.95 205.00 196.89 205.00 227.65
do_not_dry_clean 0.95 205.00 197.49 205.00 227.76
do_not_dry_clean 0.94 205.00 197.82 205.00 227.55
do_not_dry_clean 0.94 205.00 196.58 205.00 222.90
do_not_dry_clean 0.94 205.00 200.92 205.00 229.15
do_not_dry_clean 0.87 205.00 198.30 205.00 226.58
do_not_dry_clean 0.75 205.00 199.25 205.00 225.27
do_not_dry_clean 0.42 205.00 198.09 205.00 226.01
do_not_dry_clean 0.39 205.00 196.16 205.00 226.37
do_not_dry_clean 0.38 205.00 197.26 205.00 223.93
do_not_dry_clean 0.34 205.00 199.52 205.00 224.01
