do_not_dry_clean 0.97 154.08 451.00 183.55 451.00
do_not_dry_clean 0.97 155.23 451.00 182.24 451.00
do_not_dry_clean 0.97 155.52 451.00 184.77 451.00
do_not_dry_clean 0.96 156.53 451.00 183.85 451.00
do_not_dry_clean 0.90 154.32 451.00 181.95 451.00
do_not_dry_clean 0.88 153.94 451.00 187.59 451.00
do_not_dry_clean 0.87 152.80 451.00 180.19 451.00
do_not_dry_clean 0.87 142.33 451.00 175.22 451.00
do_not_dry_clean 0.87 151.39 451.00 179.67 451.00
do_not_dry_clean 0.86 155.04 451.00 181.31 451.00
do_not_dry_clean 0.86 149.55 451.00 182.39 451.00
do_not_dry_clean 0.39 152.83 451.00 184.13 451.00
do_not_dry_clean 0.33 146.03 451.00 176.14 451.00
do_not_dry_clean 0.14 154.85 451.00 187.45 451.00
do_not_dry_clean 0.10 145.47 451.00 191.33 451.00
do_not_dry_clean 0.08 398.89 377.65 418.40 396.25
do_not_dry_clean 0.06 152.36 451.00 192.21 451.00
