do_not_wash 0.99 1.00 321.00 43.35 321.00
do_not_wash 0.99 1.00 321.00 42.40 321.00
do_not_wash 0.99 5.34 321.00 52.67 321.00
do_not_wash 0.97 1.82 321.00 50.14 321.00
do_not_wash 0.95 1.00 321.00 42.16 321.00
do_not_wash 0.90 1.00 321.00 44.18 321.00
do_not_wash 0.62 1.00 321.00 48.01 321.00
do_not_wash 0.55 12.34 321.00 53.75 321.00
do_not_wash 0.55 6.68 321.00 56.13 321.00
do_not_wash 0.53 9.05 321.00 70.54 321.00
do_not_wash 0.31 7.73 321.00 52.78 321.00
do_not_wash 0.23 1.22 321.00 43.52 321.00
do_not_wash 0.22 1.00 321.00 42.72 321.00
do_not_wash 0.09 2.09 321.00 36.28 321.00
do_not_bleach 0.99 51.73 321.00 103.39 321.00
do_not_bleach 0.99 49.51 321.00 102.67 321.00
do_not_bleach 0.99 47.08 321.00 104.29 321.00
do_not_bleach 0.99 50.61 321.00 99.88 321.00
do_not_bleach 0.98 47.83 321.00 109.02 321.00
do_not_bleach 0.97 49.91 321.00 99.68 321.00
do_not_bleach 0.90 52.02 321.00 103.75 321.00
do_not_bleach 0.84 42.39 321.00 99.89 321.00
do_not_bleach 0.63 32.85 321.00 92.60 321.00
do_not_bleach 0.61 53.16 321.00 101.62 321.00
do_not_bleach 0.56 49.46 321.00 102.22 321.00
do_not_bleach 0.12 54.73 321.00 104.81 321.00
do_not_bleach 0.11 27.43 321.00 93.19 321.00
do_not_bleach 0.11 48.92 321.00 99.30 321.00
do_not_bleach 0.09 9.23 321.00 71.24 321.00
do_not_bleach 0.06 46.19 321.00 97.71 321.00
