do_not_bleach 1.00 480.86 493.00 550.94 493.00
do_not_bleach 0.99 479.82 493.00 546.45 493.00
do_not_bleach 0.99 482.64 493.00 558.15 493.00
do_not_bleach 0.98 485.37 493.00 557.94 493.00
do_not_bleach 0.98 474.77 493.00 552.82 493.00
do_not_bleach 0.97 480.83 493.00 561.73 493.00
do_not_bleach 0.91 475.31 493.00 554.54 493.00
do_not_bleach 0.88 478.85 493.00 546.41 493.00
do_not_bleach 0.83 482.90 493.00 557.07 493.00
do_not_bleach 0.78 479.16 493.00 551.10 493.00
do_not_bleach 0.74 483.92 493.00 549.29 493.00
do_not_bleach 0.74 485.04 493.00 550.27 493.00
do_not_bleach 0.67 494.04 493.00 549.80 493.00
do_not_bleach 0.47 483.60 493.00 552.40 493.00
do_not_bleach 0.37 478.20 493.00 560.25 493.00
do_not_bleach 0.20 481.22 493.00 550.46 493.00
do_not_bleach 0.09 489.22 493.00 553.16 493.00
do_not_bleach 0.05 552.29 493.00 614.71 493.00
do_not_dry_clean 0.98 551.97 493.00 626.17 493.00
do_not_dry_clean 0.97 556.95 492.18 626.00 493.00
do_not_dry_clean 0.97 546.30 493.00 610.89 493.00
do_not_dry_clean 0.97 556.86 493.00 615.45 493.00
do_not_dry_clean 0.96 560.89 493.00 619.67 493.00
do_not_dry_clean 0.96 552.43 493.00 621.89 493.00
do_not_dry_clean 0.96 563.17 493.00 619.44 493.00
do_not_dry_clean 0.95 558.56 485.87 621.44 493.00
do_not_dry_clean 0.93 552.41 493.00 614.51 493.00
do_not_dry_clean 0.84 552.21 493.00 617.72 493.00
do_not_dry_clean 0.84 553.90 493.00 609.33 493.00
do_not_dry_clean 0.80 557.79 493.00 621.38 493.00
do_not_dry_clean 0.44 560.84 493.00 621.86 493.00
do_not_dry_clean 0.30 546.94 493.00 603.97 493.00
do_not_dry_clean 0.09 542.09 493.00 607.87 493.00
do_not_dry_clean 0.07 560.58 493.00 615.18 493.00
