do_not_bleach 1.00 245.07 333.30 306.21 351.00
do_not_dry_clean 0.99 351.00 325.49 351.00 351.00
do_not_dry_clean 0.98 351.00 327.31 351.00 351.00
do_not_dry_clean 0.98 351.00 335.58 351.00 351.00
do_not_dry_clean 0.98 351.00 328.89 351.00 351.00
do_not_dry_clean 0.98 351.00 330.85 351.00 351.00
do_not_dry_clean 0.92 351.00 328.14 351.00 351.00
do_not_dry_clean 0.91 351.00 336.55 351.00 351.00
do_not_dry_clean 0.76 351.00 325.17 351.00 351.00
do_not_dry_clean 0.76 351.00 320.64 351.00 351.00
do_not_dry_clean 0.67 351.00 326.31 351.00 351.00
do_not_dry_clean 0.67 351.00 334.86 351.00 351.00
do_not_dry_clean 0.61 351.00 342.86 351.00 351.00
do_not_dry_clean 0.57 351.00 329.14 351.00 351.00
do_not_dry_clean 0.55 351.00 326.32 351.00 351.00
do_not_dry_clean 0.42 351.00 319.93 351.00 351.00
do_not_dry_clean 0.24 351.00 334.00 351.00 351.00
do_not_dry_clean 0.10 351.00 323.28 351.00 351.00
do_not_dry_clean 0.10 351.00 315.35 351.00 351.00
