do_not_wash 0.99 93.01 313.95 112.63 334.49
do_not_wash 0.99 91.13 324.54 110.50 344.55
do_not_wash 0.97 413.97 275.04 431.86 292.30
do_not_wash 0.97 413.15 264.90 431.20 281.32
do_not_wash 0.97 420.62 268.13 439.35 285.31
do_not_wash 0.81 101.51 326.13 118.81 342.38
do_not_bleach 0.94 437.84 265.63 455.65 285.00
do_not_bleach 0.94 428.10 265.85 446.31 285.75
do_not_bleach 0.93 116.67 315.95 136.04 338.33
do_not_bleach 0.93 106.26 316.17 125.55 336.68
do_not_iron 0.97 465.54 268.71 482.61 286.93
do_not_iron 0.97 457.39 271.73 473.77 290.27
do_not_iron 0.96 149.25 317.06 167.59 338.12
do_not_iron 0.96 137.75 315.48 156.87 336.60
